time	DeviceName	AccX(g)	AccY(g)	AccZ(g)	AsX(°/s)	AsY(°/s)	AsZ(°/s)	AngleX(°)	AngleY(°)	AngleZ(°)	HX(uT)	HY(uT)	HZ(uT)	Q0()	Q1()	Q2()	Q3()	Temperature(°C)	Version()	Battery level(%)
2025-3-13 23:53:59.355	WTyyyy(CC4B99849B02)	0.090	-0.019	-0.903	5.310	1.831	44.800	-179.51	-4.80	-21.58	-11.217	-21.775	21.992	-0.00369	-0.98062	0.19107	-0.04202	22.9	10080.1.3	100
2025-3-13 23:53:59.414	WTyyyy(CC4B99849B02)	0.104	-0.045	-0.882	-11.719	-1.831	80.444	-179.90	-4.86	-27.99	-11.217	-21.775	21.992	-0.00690	-0.95209	0.30289	-0.04034	22.9	10080.1.3	100
2025-3-13 23:53:59.564	WTyyyy(CC4B99849B02)	0.090	-0.030	-0.885	6.104	0.549	109.802	-179.04	-4.63	-37.41	-11.217	-21.775	21.992	-0.00690	-0.95209	0.30289	-0.04034	22.9	10080.1.3	100
2025-3-13 23:53:59.624	WTyyyy(CC4B99849B02)	0.109	-0.021	-0.909	-4.395	9.460	121.826	-177.81	-5.21	-48.83	-15.950	-11.700	21.850	-0.00690	-0.95209	0.30289	-0.04034	22.9	10080.1.3	100
2025-3-13 23:53:59.744	WTyyyy(CC4B99849B02)	0.104	-0.029	-0.927	-5.310	2.319	117.859	-177.36	-4.74	-60.49	-15.950	-11.700	21.850	-0.00690	-0.95209	0.30289	-0.04034	22.9	10080.1.3	100
2025-3-13 23:53:59.837	WTyyyy(CC4B99849B02)	0.110	-0.015	-0.975	12.207	-3.784	91.248	-176.02	-4.25	-70.55	-15.950	-11.700	21.850	0.01114	-0.79065	0.60989	-0.05179	22.9	10080.1.3	100
2025-3-13 23:53:59.953	WTyyyy(CC4B99849B02)	0.111	-0.006	-1.011	-2.869	8.423	52.429	-175.34	-4.02	-77.42	-15.950	-11.700	21.850	0.01114	-0.79065	0.60989	-0.05179	22.9	10080.1.3	100
2025-3-13 23:54:0.45	WTyyyy(CC4B99849B02)	0.100	-0.028	-1.044	2.930	-10.498	-3.906	-175.86	-3.78	-79.66	-14.000	-2.100	22.258	0.01114	-0.79065	0.60989	-0.05179	22.9	10080.1.3	100
2025-3-13 23:54:0.162	WTyyyy(CC4B99849B02)	0.109	-0.005	-1.082	1.709	-0.427	-59.998	-175.67	-4.02	-76.04	-14.000	-2.100	22.258	0.01114	-0.79065	0.60989	-0.05179	22.9	10080.1.3	100
2025-3-13 23:54:0.225	WTyyyy(CC4B99849B02)	0.103	-0.015	-1.098	-7.019	-0.610	-116.333	-177.00	-4.65	-66.69	-14.000	-2.100	22.258	-0.00714	-0.88461	0.46387	-0.04611	22.9	10080.1.3	100
2025-3-13 23:54:0.344	WTyyyy(CC4B99849B02)	0.097	-0.030	-1.104	5.188	-6.897	-158.325	-178.45	-5.02	-52.22	-14.000	-2.100	22.258	-0.00714	-0.88461	0.46387	-0.04611	22.9	10080.1.3	100
2025-3-13 23:54:0.439	WTyyyy(CC4B99849B02)	0.111	-0.010	-1.102	-10.071	5.310	-180.786	-179.65	-5.67	-34.86	-12.742	-18.683	22.533	-0.00714	-0.88461	0.46387	-0.04611	22.9	10080.1.3	100
2025-3-13 23:54:0.554	WTyyyy(CC4B99849B02)	0.089	-0.028	-1.062	6.470	-2.014	-174.561	178.47	-5.06	-16.88	-12.742	-18.683	22.533	-0.00714	-0.88461	0.46387	-0.04611	22.9	10080.1.3	100
2025-3-13 23:54:0.645	WTyyyy(CC4B99849B02)	0.081	-0.033	-1.032	1.709	3.845	-141.235	177.65	-5.05	-1.31	-12.742	-18.683	22.533	-0.02100	-0.99698	-0.05966	-0.04373	22.9	10080.1.3	100
2025-3-13 23:54:0.764	WTyyyy(CC4B99849B02)	0.097	-0.028	-0.993	-7.568	-6.348	-83.496	177.02	-4.67	9.59	-12.742	-18.683	22.533	-0.02100	-0.99698	-0.05966	-0.04373	22.9	10080.1.3	100
2025-3-13 23:54:0.825	WTyyyy(CC4B99849B02)	0.079	-0.029	-0.946	12.146	4.822	-10.254	177.13	-4.02	13.73	-2.625	-28.583	22.042	-0.02100	-0.99698	-0.05966	-0.04373	22.9	10080.1.3	100
2025-3-13 23:54:0.973	WTyyyy(CC4B99849B02)	0.099	-0.029	-0.920	-9.521	-0.549	69.702	177.73	-4.69	10.09	-2.625	-28.583	22.042	-0.02100	-0.99698	-0.05966	-0.04373	22.9	10080.1.3	100
2025-3-13 23:54:1.42	WTyyyy(CC4B99849B02)	0.107	-0.032	-0.897	3.113	-9.338	143.616	178.54	-4.35	-1.25	-2.625	-28.583	22.042	-0.00806	-0.98975	0.13757	-0.03647	22.9	10080.1.3	100
2025-3-13 23:54:1.154	WTyyyy(CC4B99849B02)	0.109	-0.049	-0.882	5.859	3.662	203.552	179.97	-4.34	-18.79	-2.625	-28.583	22.042	-0.00806	-0.98975	0.13757	-0.03647	22.9	10080.1.3	100
2025-3-13 23:54:1.245	WTyyyy(CC4B99849B02)	0.106	-0.027	-0.896	-7.202	1.465	237.000	-178.01	-4.25	-40.67	-15.050	-13.450	21.842	-0.00806	-0.98975	0.13757	-0.03647	22.9	10080.1.3	100
2025-3-13 23:54:1.364	WTyyyy(CC4B99849B02)	0.125	-0.051	-0.910	2.319	-5.127	239.685	-177.11	-3.47	-63.90	-15.050	-13.450	21.842	-0.00806	-0.98975	0.13757	-0.03647	22.9	10080.1.3	100
2025-3-13 23:54:1.454	WTyyyy(CC4B99849B02)	0.110	-0.022	-0.940	8.850	5.188	209.778	-175.18	-1.79	-85.50	-15.050	-13.450	21.842	0.02380	-0.64792	0.76010	-0.04254	22.9	10080.1.3	100
2025-3-13 23:54:1.574	WTyyyy(CC4B99849B02)	0.105	-0.011	-0.982	-0.793	2.136	149.170	-174.51	-0.86	-103.11	-15.050	-13.450	21.842	0.02380	-0.64792	0.76010	-0.04254	22.9	10080.1.3	100
2025-3-13 23:54:1.643	WTyyyy(CC4B99849B02)	0.129	-0.011	-1.021	3.479	-1.221	64.026	-174.74	-0.23	-114.72	-5.808	7.517	22.450	0.02380	-0.64792	0.76010	-0.04254	22.9	10080.1.3	100
2025-3-13 23:54:1.754	WTyyyy(CC4B99849B02)	0.104	-0.004	-1.053	6.897	-0.061	-34.302	-174.57	0.23	-117.38	-5.808	7.517	22.450	0.02380	-0.64792	0.76010	-0.04254	22.9	10080.1.3	100
2025-3-13 23:54:1.845	WTyyyy(CC4B99849B02)	0.125	-0.013	-1.087	-9.033	0.854	-132.813	-175.52	-1.54	-110.22	-5.808	7.517	22.450	0.00452	-0.67841	0.73364	-0.03799	22.9	10080.1.3	100
2025-3-13 23:54:1.964	WTyyyy(CC4B99849B02)	0.124	-0.017	-1.097	3.479	-1.648	-219.849	-176.53	-2.71	-92.40	-5.808	7.517	22.450	0.00452	-0.67841	0.73364	-0.03799	22.9	10080.1.3	100
2025-3-13 23:54:2.54	WTyyyy(CC4B99849B02)	0.122	-0.026	-1.099	-2.747	1.953	-278.259	-178.42	-4.32	-66.62	-14.508	-12.975	22.583	0.00452	-0.67841	0.73364	-0.03799	22.9	10080.1.3	100
2025-3-13 23:54:2.203	WTyyyy(CC4B99849B02)	0.109	-0.060	-1.075	5.676	-1.160	-303.650	178.49	-4.65	-36.50	-14.508	-12.975	22.583	0.00452	-0.67841	0.73364	-0.03799	22.9	10080.1.3	100
2025-3-13 23:54:2.243	WTyyyy(CC4B99849B02)	0.104	-0.031	-1.058	-3.845	10.925	-277.771	177.15	-4.26	-7.06	-14.508	-12.975	22.583	-0.03506	-0.99225	-0.11389	-0.03375	22.9	10080.1.3	100
2025-3-13 23:54:2.384	WTyyyy(CC4B99849B02)	0.097	-0.053	-1.010	8.301	-2.380	-215.393	175.45	-3.00	17.58	-14.508	-12.975	22.583	-0.03506	-0.99225	-0.11389	-0.03375	22.9	10080.1.3	100
2025-3-13 23:54:2.445	WTyyyy(CC4B99849B02)	0.069	-0.048	-0.977	-1.465	7.446	-118.225	175.55	-2.25	33.79	7.825	-29.975	21.925	-0.03506	-0.99225	-0.11389	-0.03375	22.9	10080.1.3	100
2025-3-13 23:54:2.562	WTyyyy(CC4B99849B02)	0.097	-0.036	-0.947	0.000	-2.625	-3.174	175.80	-2.71	38.98	7.825	-29.975	21.925	-0.03506	-0.99225	-0.11389	-0.03375	22.9	10080.1.3	100
2025-3-13 23:54:2.654	WTyyyy(CC4B99849B02)	0.097	-0.051	-0.910	6.775	-8.118	118.225	176.54	-2.46	32.04	7.825	-29.975	21.925	-0.01007	-0.99072	-0.13162	-0.03046	22.9	10080.1.3	100
2025-3-13 23:54:2.774	WTyyyy(CC4B99849B02)	0.109	-0.035	-0.896	-4.028	0.000	227.661	178.45	-3.35	14.02	7.825	-29.975	21.925	-0.01007	-0.99072	-0.13162	-0.03046	22.9	10080.1.3	100
2025-3-13 23:54:2.864	WTyyyy(CC4B99849B02)	0.134	-0.050	-0.892	0.122	-10.803	310.852	179.95	-3.53	-13.13	-10.392	-22.442	22.050	-0.01007	-0.99072	-0.13162	-0.03046	22.9	10080.1.3	100
2025-3-13 23:54:2.983	WTyyyy(CC4B99849B02)	0.144	-0.060	-0.896	-0.671	-4.639	354.309	-178.46	-2.35	-45.88	-10.392	-22.442	22.050	-0.01007	-0.99072	-0.13162	-0.03046	22.9	10080.1.3	100
2025-3-13 23:54:3.42	WTyyyy(CC4B99849B02)	0.116	-0.034	-0.923	11.719	-4.517	353.516	-176.32	-0.71	-79.96	-10.392	-22.442	22.050	0.02386	-0.60535	0.79507	-0.02667	22.9	10080.1.3	100
2025-3-13 23:54:3.164	WTyyyy(CC4B99849B02)	0.123	-0.026	-0.961	1.709	3.662	302.856	-175.92	0.55	-111.36	-10.392	-22.442	22.050	0.02386	-0.60535	0.79507	-0.02667	22.9	10080.1.3	100
2025-3-13 23:54:3.255	WTyyyy(CC4B99849B02)	0.116	-0.023	-0.990	6.165	-9.277	212.280	-176.50	2.26	-138.11	3.050	10.458	22.200	0.02386	-0.60535	0.79507	-0.02667	22.9	10080.1.3	100
2025-3-13 23:54:3.374	WTyyyy(CC4B99849B02)	0.101	0.007	-1.033	5.249	-3.662	87.036	-176.64	3.24	-155.40	3.050	10.458	22.200	0.02386	-0.60535	0.79507	-0.02667	22.9	10080.1.3	100
2025-3-13 23:54:3.464	WTyyyy(CC4B99849B02)	0.125	0.009	-1.069	2.197	8.484	-49.438	-176.95	2.36	-159.37	3.050	10.458	22.200	0.02151	-0.22821	0.97311	-0.01944	22.9	10080.1.3	100
2025-3-13 23:54:3.584	WTyyyy(CC4B99849B02)	0.134	-0.016	-1.083	-1.038	-4.700	-190.430	-177.26	1.68	-149.07	3.050	10.458	22.200	0.02151	-0.22821	0.97311	-0.01944	22.9	10080.1.3	100
2025-3-13 23:54:3.645	WTyyyy(CC4B99849B02)	0.144	-0.014	-1.103	-8.545	11.414	-304.138	-177.37	-0.47	-125.86	-11.408	0.242	22.567	0.02151	-0.22821	0.97311	-0.01944	22.9	10080.1.3	100
2025-3-13 23:54:3.794	WTyyyy(CC4B99849B02)	0.142	-0.050	-1.090	-4.150	6.226	-396.851	-179.26	-2.27	-90.27	-11.408	0.242	22.567	0.02151	-0.22821	0.97311	-0.01944	22.9	10080.1.3	100
2025-3-13 23:54:3.852	WTyyyy(CC4B99849B02)	0.125	-0.041	-1.077	-1.526	7.996	-414.795	179.13	-3.01	-48.31	-11.408	0.242	22.567	-0.02911	-0.99252	0.11652	-0.01993	22.9	10080.1.3	100
2025-3-13 23:54:3.974	WTyyyy(CC4B99849B02)	0.106	-0.073	-1.037	-0.671	1.160	-381.409	176.68	-2.41	-7.49	-11.408	0.242	22.567	-0.02911	-0.99252	0.11652	-0.01993	22.9	10080.1.3	100
2025-3-13 23:54:4.64	WTyyyy(CC4B99849B02)	0.080	-0.039	-1.013	-3.723	16.235	-291.565	176.57	-1.42	26.51	13.083	-28.525	21.875	-0.02911	-0.99252	0.11652	-0.01993	22.9	10080.1.3	100
2025-3-13 23:54:4.184	WTyyyy(CC4B99849B02)	0.086	-0.060	-0.967	6.592	5.127	-164.612	175.92	-1.27	48.77	13.083	-28.525	21.875	-0.02911	-0.99252	0.11652	-0.01993	22.9	10080.1.3	100
2025-3-13 23:54:4.274	WTyyyy(CC4B99849B02)	0.079	-0.041	-0.935	1.648	2.380	-9.033	176.82	-1.04	56.29	13.083	-28.525	21.875	-0.01419	-0.89954	-0.43576	-0.02512	22.9	10080.1.3	100
2025-3-13 23:54:4.394	WTyyyy(CC4B99849B02)	0.109	-0.044	-0.914	2.014	3.479	149.231	177.53	-2.21	48.26	13.083	-28.525	21.875	-0.01419	-0.89954	-0.43576	-0.02512	22.9	10080.1.3	100
2025-3-13 23:54:4.454	WTyyyy(CC4B99849B02)	0.145	-0.077	-0.894	3.601	-12.573	293.152	178.65	-2.42	25.43	3.800	-29.758	21.758	-0.01419	-0.89954	-0.43576	-0.02512	22.9	10080.1.3	100
2025-3-13 23:54:4.575	WTyyyy(CC4B99849B02)	0.143	-0.066	-0.896	2.747	-7.935	400.269	-179.12	-1.44	-9.31	3.800	-29.758	21.758	-0.01419	-0.89954	-0.43576	-0.02512	22.9	10080.1.3	100
2025-3-13 23:54:4.663	WTyyyy(CC4B99849B02)	0.155	-0.070	-0.909	3.906	-4.944	459.717	-177.75	-0.45	-51.48	3.800	-29.758	21.758	0.02057	-0.70135	0.71240	-0.00546	22.9	10080.1.3	100
2025-3-13 23:54:4.784	WTyyyy(CC4B99849B02)	0.157	-0.065	-0.931	-2.930	1.526	456.604	-177.99	1.33	-95.15	3.800	-29.758	21.758	0.02057	-0.70135	0.71240	-0.00546	22.9	10080.1.3	100
2025-3-13 23:54:4.874	WTyyyy(CC4B99849B02)	0.146	-0.046	-0.966	8.606	-11.780	395.691	-178.56	2.72	-135.66	3.800	-29.758	21.758	0.02057	-0.70135	0.71240	-0.00546	22.9	10080.1.3	100
2025-3-13 23:54:4.993	WTyyyy(CC4B99849B02)	0.118	-0.013	-1.003	15.747	-4.456	278.076	-179.19	3.43	-171.23	4.533	9.450	22.183	0.02057	-0.70135	0.71240	-0.00546	22.9	10080.1.3	100
2025-3-13 23:54:5.55	WTyyyy(CC4B99849B02)	0.123	-0.007	-1.040	1.526	0.916	124.817	179.88	2.86	167.03	4.533	9.450	22.183	0.02472	0.15750	0.98715	-0.00296	22.9	10080.1.3	100
2025-3-13 23:54:5.205	WTyyyy(CC4B99849B02)	0.130	0.008	-1.065	-4.089	-9.583	-53.162	179.81	2.94	162.37	4.533	9.450	22.183	0.02472	0.15750	0.98715	-0.00296	22.9	10080.1.3	100
2025-3-13 23:54:5.264	WTyyyy(CC4B99849B02)	0.155	-0.005	-1.088	-0.061	7.446	-224.060	-179.71	2.17	175.21	3.933	9.892	22.617	0.02472	0.15750	0.98715	-0.00296	22.9	10080.1.3	100
2025-3-13 23:54:5.384	WTyyyy(CC4B99849B02)	0.162	-0.044	-1.087	-9.521	1.099	-396.912	-179.88	0.89	-155.92	3.933	9.892	22.617	0.02472	0.15750	0.98715	-0.00296	22.9	10080.1.3	100
2025-3-13 23:54:5.474	WTyyyy(CC4B99849B02)	0.169	-0.050	-1.086	-2.808	6.104	-485.046	-179.82	-0.27	-113.43	3.933	9.892	22.617	-0.01337	-0.84662	0.53192	-0.00143	22.9	10080.1.3	100
2025-3-13 23:54:5.594	WTyyyy(CC4B99849B02)	0.148	-0.091	-1.056	-8.789	7.202	-512.695	178.71	-0.95	-61.63	3.933	9.892	22.617	-0.01337	-0.84662	0.53192	-0.00143	22.9	10080.1.3	100
2025-3-13 23:54:5.684	WTyyyy(CC4B99849B02)	0.120	-0.075	-1.032	1.160	14.465	-471.069	178.35	-1.00	-10.64	3.933	9.892	22.617	-0.01337	-0.84662	0.53192	-0.00143	22.9	10080.1.3	100
2025-3-13 23:54:5.807	WTyyyy(CC4B99849B02)	0.088	-0.087	-0.990	-2.502	8.301	-368.225	177.31	-1.14	31.89	9.833	-29.350	21.750	-0.01337	-0.84662	0.53192	-0.00143	22.9	10080.1.3	100
2025-3-13 23:54:5.865	WTyyyy(CC4B99849B02)	0.068	-0.042	-0.961	1.526	7.080	-213.318	177.77	-1.13	60.38	9.833	-29.350	21.750	-0.01135	-0.81549	-0.57800	-0.02600	22.9	10080.1.3	100
2025-3-13 23:54:5.984	WTyyyy(CC4B99849B02)	0.086	-0.065	-0.930	-3.052	5.554	-29.236	177.14	-1.84	71.42	9.833	-29.350	21.750	-0.01135	-0.81549	-0.57800	-0.02600	22.9	10080.1.3	100
2025-3-13 23:54:6.74	WTyyyy(CC4B99849B02)	0.101	-0.056	-0.907	8.301	-5.737	163.452	178.21	-2.20	63.62	19.275	-23.883	21.933	-0.01135	-0.81549	-0.57800	-0.02600	22.9	10080.1.3	100
2025-3-13 23:54:6.194	WTyyyy(CC4B99849B02)	0.132	-0.062	-0.906	6.958	-2.625	335.449	-179.64	-2.51	37.64	19.275	-23.883	21.933	-0.01135	-0.81549	-0.57800	-0.02600	22.9	10080.1.3	100
2025-3-13 23:54:6.285	WTyyyy(CC4B99849B02)	0.176	-0.090	-0.906	0.916	-6.470	469.177	-178.02	-1.31	-2.99	19.275	-23.883	21.933	-0.01135	-0.81549	-0.57800	-0.02600	22.9	10080.1.3	100
2025-3-13 23:54:6.403	WTyyyy(CC4B99849B02)	0.183	-0.093	-0.919	-0.549	-14.954	539.429	-177.80	1.90	-52.33	19.275	-23.883	21.933	0.02448	-0.89703	0.44113	0.00644	22.9	10080.1.3	100
2025-3-13 23:54:6.464	WTyyyy(CC4B99849B02)	0.168	-0.086	-0.950	17.029	-10.559	543.823	-179.26	3.53	-103.88	19.275	-23.883	21.933	0.02448	-0.89703	0.44113	0.00644	22.9	10080.1.3	100
2025-3-13 23:54:6.614	WTyyyy(CC4B99849B02)	0.143	-0.053	-0.979	9.766	-0.488	475.403	179.20	3.30	-152.36	-3.258	6.108	22.267	0.02448	-0.89703	0.44113	0.00644	22.9	10080.1.3	100
2025-3-13 23:54:6.674	WTyyyy(CC4B99849B02)	0.128	-0.017	-1.020	5.615	-4.211	343.994	178.19	1.88	165.03	-3.258	6.108	22.267	0.02448	-0.89703	0.44113	0.00644	22.9	10080.1.3	100
2025-3-13 23:54:6.794	WTyyyy(CC4B99849B02)	0.127	0.007	-1.048	7.141	-12.878	164.612	178.05	1.48	138.71	-3.258	6.108	22.267	0.01843	0.37009	0.92871	0.01074	22.9	10080.1.3	100
2025-3-13 23:54:6.914	WTyyyy(CC4B99849B02)	0.137	0.007	-1.072	7.568	4.517	-38.879	178.41	1.16	132.32	-3.258	6.108	22.267	0.01843	0.37009	0.92871	0.01074	22.9	10080.1.3	100
2025-3-13 23:54:7.4	WTyyyy(CC4B99849B02)	0.168	-0.006	-1.087	-4.272	-0.183	-278.137	178.35	0.80	146.51	17.242	6.733	22.525	0.01843	0.37009	0.92871	0.01074	22.9	10080.1.3	100
2025-3-13 23:54:7.94	WTyyyy(CC4B99849B02)	0.193	-0.040	-1.085	-2.380	10.071	-442.139	178.46	1.08	179.33	17.242	6.733	22.525	0.01843	0.37009	0.92871	0.01074	22.9	10080.1.3	100
2025-3-13 23:54:7.214	WTyyyy(CC4B99849B02)	0.190	-0.079	-1.072	-16.113	10.437	-549.744	178.20	0.75	-133.84	17.242	6.733	22.525	-0.00055	-0.41367	0.91022	0.01730	22.9	10080.1.3	100
2025-3-13 23:54:7.274	WTyyyy(CC4B99849B02)	0.164	-0.083	-1.045	2.686	11.963	-587.402	179.09	0.90	-74.97	17.242	6.733	22.525	-0.00055	-0.41367	0.91022	0.01730	22.9	10080.1.3	100
2025-3-13 23:54:7.394	WTyyyy(CC4B99849B02)	0.131	-0.109	-1.014	-5.676	9.033	-547.607	179.17	-0.21	-16.15	-3.700	-27.525	21.925	-0.00055	-0.41367	0.91022	0.01730	22.9	10080.1.3	100
2025-3-13 23:54:7.484	WTyyyy(CC4B99849B02)	0.097	-0.075	-0.982	0.000	17.700	-435.242	179.27	-1.13	33.62	-3.700	-27.525	21.925	-0.00055	-0.41367	0.91022	0.01730	22.9	10080.1.3	100
2025-3-13 23:54:7.604	WTyyyy(CC4B99849B02)	0.078	-0.079	-0.950	-7.996	11.292	-265.381	177.69	-2.04	68.12	-3.700	-27.525	21.925	-0.00665	-0.80481	-0.59274	-0.02792	22.9	10080.1.3	100
2025-3-13 23:54:7.694	WTyyyy(CC4B99849B02)	0.075	-0.048	-0.923	5.920	2.991	-58.350	177.73	-2.33	83.19	-3.700	-27.525	21.925	-0.00665	-0.80481	-0.59274	-0.02792	22.9	10080.1.3	100
2025-3-13 23:54:7.814	WTyyyy(CC4B99849B02)	0.111	-0.055	-0.911	-2.380	5.676	158.081	178.38	-3.32	76.79	24.700	-14.242	21.783	-0.00665	-0.80481	-0.59274	-0.02792	22.9	10080.1.3	100
2025-3-13 23:54:7.874	WTyyyy(CC4B99849B02)	0.156	-0.088	-0.903	3.357	-10.742	355.713	-179.79	-3.31	49.39	24.700	-14.242	21.783	-0.00665	-0.80481	-0.59274	-0.02792	22.9	10080.1.3	100
2025-3-13 23:54:8.24	WTyyyy(CC4B99849B02)	0.184	-0.089	-0.917	9.460	-16.663	509.155	-176.68	-0.82	5.55	24.700	-14.242	21.783	0.03027	-0.99948	-0.00452	-0.00336	22.9	10080.1.3	100
2025-3-13 23:54:8.84	WTyyyy(CC4B99849B02)	0.203	-0.108	-0.936	8.606	-6.958	598.267	-176.94	2.93	-48.57	24.700	-14.242	21.783	0.03027	-0.99948	-0.00452	-0.00336	22.9	10080.1.3	100
2025-3-13 23:54:8.204	WTyyyy(CC4B99849B02)	0.190	-0.088	-0.958	0.427	-2.686	610.413	179.83	4.77	-106.25	-12.492	-7.750	22.375	0.03027	-0.99948	-0.00452	-0.00336	22.9	10080.1.3	100
2025-3-13 23:54:8.294	WTyyyy(CC4B99849B02)	0.163	-0.075	-0.996	8.545	-12.512	540.222	176.97	3.12	-160.41	-12.492	-7.750	22.375	0.03027	-0.99948	-0.00452	-0.00336	22.9	10080.1.3	100
2025-3-13 23:54:8.415	WTyyyy(CC4B99849B02)	0.133	-0.031	-1.029	12.695	-15.320	402.100	176.74	0.80	150.86	-12.492	-7.750	22.375	0.01254	0.33069	0.94330	0.02356	22.9	10080.1.3	100
2025-3-13 23:54:8.538	WTyyyy(CC4B99849B02)	0.125	0.002	-1.055	7.507	-2.380	207.214	177.82	-0.52	120.17	-12.492	-7.750	22.375	0.01254	0.33069	0.94330	0.02356	22.9	10080.1.3	100
2025-3-13 23:54:8.625	WTyyyy(CC4B99849B02)	0.143	0.009	-1.076	-7.935	-5.676	-59.448	178.21	-0.82	111.51	24.025	-1.483	22.342	0.01254	0.33069	0.94330	0.02356	22.9	10080.1.3	100
2025-3-13 23:54:8.684	WTyyyy(CC4B99849B02)	0.169	-0.000	-1.083	0.244	2.441	-279.785	177.91	-0.49	125.89	24.025	-1.483	22.342	0.01254	0.33069	0.94330	0.02356	22.9	10080.1.3	100
2025-3-13 23:54:8.804	WTyyyy(CC4B99849B02)	0.195	-0.040	-1.083	-13.367	10.010	-462.463	177.23	-0.27	160.06	24.025	-1.483	22.342	0.00174	0.13562	0.99039	0.02545	22.9	10080.1.3	100
2025-3-13 23:54:8.894	WTyyyy(CC4B99849B02)	0.211	-0.080	-1.057	-0.122	7.202	-589.294	176.97	1.19	-150.37	24.025	-1.483	22.342	0.00174	0.13562	0.99039	0.02545	22.9	10080.1.3	100
2025-3-13 23:54:9.14	WTyyyy(CC4B99849B02)	0.184	-0.116	-1.036	-19.043	12.939	-636.902	178.37	1.94	-87.87	-13.633	-11.758	22.092	0.00174	0.13562	0.99039	0.02545	22.9	10080.1.3	100
2025-3-13 23:54:9.105	WTyyyy(CC4B99849B02)	0.143	-0.109	-0.999	2.319	14.221	-603.455	-179.66	0.92	-23.26	-13.633	-11.758	22.092	0.00174	0.13562	0.99039	0.02545	22.9	10080.1.3	100
2025-3-13 23:54:9.225	WTyyyy(CC4B99849B02)	0.088	-0.105	-0.969	-10.681	13.367	-489.075	179.66	-1.60	32.17	-13.633	-11.758	22.092	-0.00040	-0.92014	-0.39105	-0.01883	22.9	10080.1.3	100
2025-3-13 23:54:9.283	WTyyyy(CC4B99849B02)	0.074	-0.075	-0.941	6.287	11.536	-312.561	178.50	-2.69	71.88	-13.633	-11.758	22.092	-0.00040	-0.92014	-0.39105	-0.01883	22.9	10080.1.3	100
2025-3-13 23:54:9.464	WTyyyy(CC4B99849B02)	0.077	-0.062	-0.918	-13.489	8.118	-91.309	177.36	-3.18	90.74	25.367	-8.250	21.792	-0.00040	-0.92014	-0.39105	-0.01883	22.9	10080.1.3	100
2025-3-13 23:54:9.502	WTyyyy(CC4B99849B02)	0.104	-0.059	-0.913	2.747	-1.282	137.451	177.76	-3.76	86.05	25.367	-8.250	21.792	-0.00040	-0.92014	-0.39105	-0.01883	22.9	10080.1.3	100
2025-3-13 23:54:9.615	WTyyyy(CC4B99849B02)	0.157	-0.076	-0.913	7.385	1.282	355.774	-179.46	-4.28	59.40	25.367	-8.250	21.792	0.02505	-0.89145	-0.45145	-0.02829	22.9	10080.1.3	100
2025-3-13 23:54:9.705	WTyyyy(CC4B99849B02)	0.197	-0.102	-0.923	-0.610	-8.362	520.874	-176.40	-1.86	14.75	25.367	-8.250	21.792	0.02505	-0.89145	-0.45145	-0.02829	22.9	10080.1.3	100
2025-3-13 23:54:9.825	WTyyyy(CC4B99849B02)	0.216	-0.120	-0.944	0.610	-21.973	626.587	-176.37	3.20	-41.66	-4.758	-25.567	22.117	0.02505	-0.89145	-0.45145	-0.02829	22.9	10080.1.3	100
2025-3-13 23:54:9.914	WTyyyy(CC4B99849B02)	0.205	-0.116	-0.976	11.108	-14.832	645.569	179.21	5.91	-102.77	-4.758	-25.567	22.117	0.02505	-0.89145	-0.45145	-0.02829	22.9	10080.1.3	100
2025-3-13 23:54:10.40	WTyyyy(CC4B99849B02)	0.178	-0.077	-1.009	13.245	-2.075	586.365	176.11	3.59	-160.26	-4.758	-25.567	22.117	0.01831	0.00302	0.99905	0.03778	22.9	10080.1.3	100
2025-3-13 23:54:10.125	WTyyyy(CC4B99849B02)	0.137	-0.041	-1.038	11.719	-3.845	446.289	175.97	-0.35	146.63	-4.758	-25.567	22.117	0.01831	0.00302	0.99905	0.03778	22.9	10080.1.3	100
2025-3-13 23:54:10.214	WTyyyy(CC4B99849B02)	0.131	-0.001	-1.072	1.221	-11.353	204.773	177.63	-1.91	112.18	23.208	-1.950	22.242	0.01831	0.00302	0.99905	0.03778	22.9	10080.1.3	100
2025-3-13 23:54:10.304	WTyyyy(CC4B99849B02)	0.143	0.014	-1.081	11.658	-2.991	-31.250	178.46	-1.80	100.87	23.208	-1.950	22.242	0.01831	0.00302	0.99905	0.03778	22.9	10080.1.3	100
2025-3-13 23:54:10.425	WTyyyy(CC4B99849B02)	0.182	-0.007	-1.083	-7.629	6.348	-260.132	178.07	-1.93	113.14	23.208	-1.950	22.242	-0.00436	0.51343	0.85770	0.02542	22.9	10080.1.3	100
2025-3-13 23:54:10.544	WTyyyy(CC4B99849B02)	0.210	-0.038	-1.066	-3.235	0.000	-459.167	176.72	-0.98	146.33	23.208	-1.950	22.242	-0.00436	0.51343	0.85770	0.02542	22.9	10080.1.3	100
2025-3-13 23:54:10.642	WTyyyy(CC4B99849B02)	0.211	-0.080	-1.053	-14.587	16.296	-595.764	176.09	0.75	-163.76	-3.300	6.758	22.383	-0.00436	0.51343	0.85770	0.02542	22.9	10080.1.3	100
2025-3-13 23:54:10.694	WTyyyy(CC4B99849B02)	0.201	-0.114	-1.018	4.333	8.911	-657.471	177.60	2.76	-100.51	-3.300	6.758	22.383	-0.00436	0.51343	0.85770	0.02542	22.9	10080.1.3	100
2025-3-13 23:54:10.844	WTyyyy(CC4B99849B02)	0.150	-0.124	-0.992	-14.465	18.738	-631.531	-179.56	1.49	-33.02	-3.300	6.758	22.383	0.00525	-0.99750	0.06967	0.00235	22.9	10080.1.3	100
2025-3-13 23:54:10.904	WTyyyy(CC4B99849B02)	0.109	-0.097	-0.957	7.507	13.184	-524.536	-179.25	-1.17	25.88	-3.300	6.758	22.383	0.00525	-0.99750	0.06967	0.00235	22.9	10080.1.3	100
2025-3-13 23:54:11.54	WTyyyy(CC4B99849B02)	0.074	-0.080	-0.931	-12.634	10.986	-348.755	178.84	-3.10	69.22	24.842	-14.083	21.433	0.00525	-0.99750	0.06967	0.00235	22.9	10080.1.3	100
2025-3-13 23:54:11.113	WTyyyy(CC4B99849B02)	0.079	-0.059	-0.917	3.540	7.568	-128.540	177.43	-3.61	90.94	24.842	-14.083	21.433	0.00525	-0.99750	0.06967	0.00235	22.9	10080.1.3	100
2025-3-13 23:54:11.242	WTyyyy(CC4B99849B02)	0.102	-0.065	-0.906	-2.380	8.911	109.558	177.70	-4.33	89.65	24.842	-14.083	21.433	0.01575	-0.73248	-0.67926	-0.04129	22.9	10080.1.3	100
2025-3-13 23:54:11.354	WTyyyy(CC4B99849B02)	0.154	-0.081	-0.917	-3.296	-8.179	331.238	179.88	-4.87	65.54	24.842	-14.083	21.433	0.01575	-0.73248	-0.67926	-0.04129	22.9	10080.1.3	100
2025-3-13 23:54:11.446	WTyyyy(CC4B99849B02)	0.193	-0.108	-0.938	15.137	-13.733	511.597	-176.34	-2.53	22.53	14.142	-26.625	21.975	0.01575	-0.73248	-0.67926	-0.04129	22.9	10080.1.3	100
2025-3-13 23:54:11.503	WTyyyy(CC4B99849B02)	0.225	-0.117	-0.960	4.333	-7.141	625.732	-175.53	2.96	-34.02	14.142	-26.625	21.975	0.01575	-0.73248	-0.67926	-0.04129	22.9	10080.1.3	100
2025-3-13 23:54:11.624	WTyyyy(CC4B99849B02)	0.199	-0.112	-0.991	8.362	-10.620	658.752	-179.97	6.51	-95.74	14.142	-26.625	21.975	0.03598	-0.49875	0.86490	0.04269	22.9	10080.1.3	100
2025-3-13 23:54:11.712	WTyyyy(CC4B99849B02)	0.167	-0.086	-1.024	5.371	-8.911	606.506	175.46	3.97	-154.75	14.142	-26.625	21.975	0.03598	-0.49875	0.86490	0.04269	22.9	10080.1.3	100
2025-3-13 23:54:11.838	WTyyyy(CC4B99849B02)	0.136	-0.044	-1.060	15.503	-18.372	440.613	174.98	-0.49	150.69	15.492	4.850	22.833	0.03598	-0.49875	0.86490	0.04269	22.9	10080.1.3	100
2025-3-13 23:54:11.925	WTyyyy(CC4B99849B02)	0.122	0.002	-1.072	7.202	-2.808	237.671	177.45	-2.34	113.64	15.492	4.850	22.833	0.03598	-0.49875	0.86490	0.04269	22.9	10080.1.3	100
2025-3-13 23:54:12.44	WTyyyy(CC4B99849B02)	0.134	0.028	-1.083	0.916	-1.770	5.066	178.74	-2.69	99.17	15.492	4.850	22.833	-0.01041	0.64667	0.76227	0.02408	22.9	10080.1.3	100
2025-3-13 23:54:12.104	WTyyyy(CC4B99849B02)	0.176	0.002	-1.074	0.610	0.549	-229.187	178.01	-2.46	108.09	15.492	4.850	22.833	-0.01041	0.64667	0.76227	0.02408	22.9	10080.1.3	100
2025-3-13 23:54:12.254	WTyyyy(CC4B99849B02)	0.198	-0.022	-1.059	-7.385	13.672	-432.190	176.96	-1.68	138.97	14.775	7.642	22.233	-0.01041	0.64667	0.76227	0.02408	22.9	10080.1.3	100
2025-3-13 23:54:12.314	WTyyyy(CC4B99849B02)	0.214	-0.076	-1.032	-0.061	10.620	-578.979	175.41	0.34	-172.68	14.775	7.642	22.233	-0.01041	0.64667	0.76227	0.02408	22.9	10080.1.3	100
2025-3-13 23:54:12.440	WTyyyy(CC4B99849B02)	0.196	-0.103	-1.004	-12.939	15.747	-650.269	177.13	2.64	-111.36	14.775	7.642	22.233	0.00516	-0.76178	0.64706	0.02945	22.9	10080.1.3	100
2025-3-13 23:54:12.523	WTyyyy(CC4B99849B02)	0.155	-0.116	-0.972	-2.502	14.648	-635.925	-179.94	2.36	-43.93	14.775	7.642	22.233	0.00516	-0.76178	0.64706	0.02945	22.9	10080.1.3	100
2025-3-13 23:54:12.644	WTyyyy(CC4B99849B02)	0.112	-0.092	-0.949	-9.949	15.198	-539.368	-178.68	-0.82	16.34	20.108	-23.267	21.350	0.00516	-0.76178	0.64706	0.02945	22.9	10080.1.3	100
2025-3-13 23:54:12.742	WTyyyy(CC4B99849B02)	0.077	-0.090	-0.921	0.610	14.343	-372.620	179.36	-2.88	61.09	20.108	-23.267	21.350	0.00516	-0.76178	0.64706	0.02945	22.9	10080.1.3	100
2025-3-13 23:54:12.855	WTyyyy(CC4B99849B02)	0.064	-0.050	-0.917	-10.376	10.925	-158.813	178.24	-3.78	85.89	20.108	-23.267	21.350	0.00980	-0.71222	-0.70071	-0.03903	22.9	10080.1.3	100
2025-3-13 23:54:12.913	WTyyyy(CC4B99849B02)	0.113	-0.071	-0.913	2.686	3.113	76.111	177.69	-4.37	87.69	20.108	-23.267	21.350	0.00980	-0.71222	-0.70071	-0.03903	22.9	10080.1.3	100
2025-3-13 23:54:13.38	WTyyyy(CC4B99849B02)	0.147	-0.074	-0.921	5.005	1.465	298.645	-179.95	-4.56	67.03	24.067	-15.925	21.867	0.00980	-0.71222	-0.70071	-0.03903	22.9	10080.1.3	100
2025-3-13 23:54:13.124	WTyyyy(CC4B99849B02)	0.172	-0.094	-0.945	8.179	-9.888	484.131	-176.08	-2.89	25.84	24.067	-15.925	21.867	0.00980	-0.71222	-0.70071	-0.03903	22.9	10080.1.3	100
2025-3-13 23:54:13.244	WTyyyy(CC4B99849B02)	0.210	-0.116	-0.980	5.615	-13.733	603.333	-175.09	2.29	-28.24	24.067	-15.925	21.867	0.04770	-0.87225	0.48596	0.02567	22.9	10080.1.3	100
2025-3-13 23:54:13.339	WTyyyy(CC4B99849B02)	0.216	-0.112	-1.006	3.662	-10.071	646.912	-179.50	6.66	-88.60	24.067	-15.925	21.867	0.04770	-0.87225	0.48596	0.02567	22.9	10080.1.3	100
2025-3-13 23:54:13.454	WTyyyy(CC4B99849B02)	0.178	-0.084	-1.037	14.832	-9.033	602.112	175.71	5.22	-146.81	-4.758	3.317	22.925	0.04770	-0.87225	0.48596	0.02567	22.9	10080.1.3	100
2025-3-13 23:54:13.514	WTyyyy(CC4B99849B02)	0.135	-0.045	-1.063	13.855	-7.690	450.989	174.65	0.29	159.56	-4.758	3.317	22.925	0.04770	-0.87225	0.48596	0.02567	22.9	10080.1.3	100
2025-3-13 23:54:13.664	WTyyyy(CC4B99849B02)	0.125	-0.008	-1.078	4.761	-9.766	255.859	176.56	-2.58	121.16	-4.758	3.317	22.925	-0.00809	0.59094	0.80600	0.03131	22.9	10080.1.3	100
2025-3-13 23:54:13.724	WTyyyy(CC4B99849B02)	0.133	0.009	-1.079	1.526	-7.141	32.166	177.92	-2.82	104.15	-4.758	3.317	22.925	-0.00809	0.59094	0.80600	0.03131	22.9	10080.1.3	100
2025-3-13 23:54:13.844	WTyyyy(CC4B99849B02)	0.158	0.015	-1.070	-5.432	5.005	-197.754	178.17	-2.67	110.19	22.717	0.467	22.400	-0.00809	0.59094	0.80600	0.03131	22.9	10080.1.3	100
2025-3-13 23:54:13.942	WTyyyy(CC4B99849B02)	0.188	-0.027	-1.047	-4.639	2.869	-397.461	176.52	-1.98	138.49	22.717	0.467	22.400	-0.00809	0.59094	0.80600	0.03131	22.9	10080.1.3	100
2025-3-13 23:54:14.56	WTyyyy(CC4B99849B02)	0.195	-0.054	-1.023	-5.127	14.404	-547.241	175.73	0.03	-176.33	22.717	0.467	22.400	-0.00012	-0.29059	0.95596	0.03970	22.9	10080.1.3	100
2025-3-13 23:54:14.143	WTyyyy(CC4B99849B02)	0.201	-0.108	-0.991	-8.667	12.451	-621.643	176.25	2.29	-118.50	22.717	0.467	22.400	-0.00012	-0.29059	0.95596	0.03970	22.9	10080.1.3	100
2025-3-13 23:54:14.264	WTyyyy(CC4B99849B02)	0.158	-0.102	-0.959	-8.850	16.907	-618.225	179.85	2.63	-53.24	-2.950	-28.517	21.392	-0.00012	-0.29059	0.95596	0.03970	22.9	10080.1.3	100
2025-3-13 23:54:14.325	WTyyyy(CC4B99849B02)	0.110	-0.112	-0.926	-2.808	8.057	-530.823	-179.17	0.09	5.48	-2.950	-28.517	21.392	-0.00012	-0.29059	0.95596	0.03970	22.9	10080.1.3	100
2025-3-13 23:54:14.444	WTyyyy(CC4B99849B02)	0.072	-0.078	-0.919	-7.385	12.939	-378.967	-179.73	-2.51	50.49	-2.950	-28.517	21.392	0.00845	-0.81396	-0.58005	-0.02911	22.9	10080.1.3	100
2025-3-13 23:54:14.543	WTyyyy(CC4B99849B02)	0.072	-0.068	-0.911	-2.808	9.399	-174.744	178.49	-3.53	76.57	-2.950	-28.517	21.392	0.00845	-0.81396	-0.58005	-0.02911	22.9	10080.1.3	100
2025-3-13 23:54:14.656	WTyyyy(CC4B99849B02)	0.084	-0.058	-0.918	-0.488	4.089	46.265	178.50	-3.92	81.00	25.750	-11.250	21.800	0.00845	-0.81396	-0.58005	-0.02911	22.9	10080.1.3	100
2025-3-13 23:54:14.804	WTyyyy(CC4B99849B02)	0.137	-0.062	-0.937	-1.038	3.174	264.160	-179.72	-4.77	62.78	25.750	-11.250	21.800	0.00845	-0.81396	-0.58005	-0.02911	22.9	10080.1.3	100
2025-3-13 23:54:14.863	WTyyyy(CC4B99849B02)	0.175	-0.099	-0.959	12.390	-8.057	441.345	-176.68	-2.93	25.66	25.750	-11.250	21.800	0.00845	-0.81396	-0.58005	-0.02911	22.9	10080.1.3	100
2025-3-13 23:54:14.924	WTyyyy(CC4B99849B02)	0.195	-0.102	-0.991	7.629	-11.414	564.575	-174.97	2.04	-24.49	25.750	-11.250	21.800	0.04745	-0.95071	0.30600	0.01324	22.9	10080.1.3	100
2025-3-13 23:54:15.74	WTyyyy(CC4B99849B02)	0.180	-0.100	-1.022	8.484	-13.733	609.192	-178.26	6.49	-81.17	-11.858	-8.775	22.558	0.04745	-0.95071	0.30600	0.01324	22.9	10080.1.3	100
2025-3-13 23:54:15.143	WTyyyy(CC4B99849B02)	0.168	-0.070	-1.059	2.563	-8.240	562.317	176.63	5.57	-136.53	-11.858	-8.775	22.558	0.04745	-0.95071	0.30600	0.01324	22.9	10080.1.3	100
2025-3-13 23:54:15.256	WTyyyy(CC4B99849B02)	0.145	-0.044	-1.073	12.878	-8.911	438.965	174.36	1.52	172.97	-11.858	-8.775	22.558	0.04745	-0.95071	0.30600	0.01324	22.9	10080.1.3	100
2025-3-13 23:54:15.348	WTyyyy(CC4B99849B02)	0.128	-0.002	-1.083	10.071	-5.066	262.756	175.74	-1.44	134.59	-11.858	-8.775	22.558	0.00201	0.39734	0.91681	0.03864	22.9	10080.1.3	100
2025-3-13 23:54:15.464	WTyyyy(CC4B99849B02)	0.125	0.019	-1.077	7.568	-2.747	51.208	177.40	-2.44	116.14	22.225	0.417	22.442	0.00201	0.39734	0.91681	0.03864	22.9	10080.1.3	100
2025-3-13 23:54:15.553	WTyyyy(CC4B99849B02)	0.156	-0.012	-1.058	-0.305	-1.282	-162.781	177.08	-2.43	120.31	22.225	0.417	22.442	0.00201	0.39734	0.91681	0.03864	22.9	10080.1.3	100
2025-3-13 23:54:15.676	WTyyyy(CC4B99849B02)	0.172	-0.020	-1.034	-0.427	7.019	-354.980	176.69	-1.47	144.54	22.225	0.417	22.442	-0.00357	0.09323	0.99493	0.03641	22.9	10080.1.3	100
2025-3-13 23:54:15.743	WTyyyy(CC4B99849B02)	0.194	-0.064	-1.002	-3.540	9.888	-497.192	175.57	-0.13	-174.96	22.225	0.417	22.442	-0.00357	0.09323	0.99493	0.03641	22.9	10080.1.3	100
2025-3-13 23:54:15.854	WTyyyy(CC4B99849B02)	0.177	-0.082	-0.972	-5.249	10.132	-575.073	176.63	2.05	-122.01	-14.558	-11.617	21.700	-0.00357	0.09323	0.99493	0.03641	22.9	10080.1.3	100
2025-3-13 23:54:15.947	WTyyyy(CC4B99849B02)	0.156	-0.109	-0.943	-7.080	13.550	-575.012	178.67	2.29	-61.48	-14.558	-11.617	21.700	-0.00357	0.09323	0.99493	0.03641	22.9	10080.1.3	100
2025-3-13 23:54:16.64	WTyyyy(CC4B99849B02)	0.118	-0.085	-0.923	-0.549	13.000	-503.357	-179.17	0.72	-5.97	-14.558	-11.617	21.700	0.00424	-0.96616	-0.25754	-0.00977	22.9	10080.1.3	100
2025-3-13 23:54:16.154	WTyyyy(CC4B99849B02)	0.085	-0.094	-0.905	-3.906	11.047	-364.380	179.95	-1.53	37.24	-14.558	-11.617	21.700	0.00424	-0.96616	-0.25754	-0.00977	22.9	10080.1.3	100
2025-3-13 23:54:16.274	WTyyyy(CC4B99849B02)	0.069	-0.051	-0.909	-0.977	6.104	-182.312	179.48	-2.64	63.28	25.242	-16.500	21.308	0.00424	-0.96616	-0.25754	-0.00977	22.9	10080.1.3	100
2025-3-13 23:54:16.343	WTyyyy(CC4B99849B02)	0.096	-0.057	-0.920	-1.465	7.263	24.109	179.07	-3.67	68.67	25.242	-16.500	21.308	0.00424	-0.96616	-0.25754	-0.00977	22.9	10080.1.3	100
