time	DeviceName	AccX(g)	AccY(g)	AccZ(g)	AsX(°/s)	AsY(°/s)	AsZ(°/s)	AngleX(°)	AngleY(°)	AngleZ(°)	HX(uT)	HY(uT)	HZ(uT)	Q0()	Q1()	Q2()	Q3()	Temperature(°C)	Version()	Battery level(%)
2025-03-13 23:53:59.355	WTyyyy(CC4B99849B02)	0.765	0	0	0	0	0	0	0	0	0	0	0	0	0	0	0	0	0	0
2025-03-13 23:53:59.375	WTyyyy(CC4B99849B02)	0.98	0	0	0	0	0	0	0	0	0	0	0	0	0	0	0	0	0	0
2025-03-13 23:53:59.395	WTyyyy(CC4B99849B02)	1.197	0	0	0	0	0	0	0	0	0	0	0	0	0	0	0	0	0	0
2025-03-13 23:53:59.415	WTyyyy(CC4B99849B02)	1.259	0	0	0	0	0	0	0	0	0	0	0	0	0	0	0	0	0	0
2025-03-13 23:53:59.435	WTyyyy(CC4B99849B02)	1.468	0	0	0	0	0	0	0	0	0	0	0	0	0	0	0	0	0	0
2025-03-13 23:53:59.455	WTyyyy(CC4B99849B02)	1.627	0	0	0	0	0	0	0	0	0	0	0	0	0	0	0	0	0	0
2025-03-13 23:53:59.475	WTyyyy(CC4B99849B02)	1.799	0	0	0	0	0	0	0	0	0	0	0	0	0	0	0	0	0	0
2025-03-13 23:53:59.495	WTyyyy(CC4B99849B02)	1.839	0	0	0	0	0	0	0	0	0	0	0	0	0	0	0	0	0	0
2025-03-13 23:53:59.515	WTyyyy(CC4B99849B02)	1.784	0	0	0	0	0	0	0	0	0	0	0	0	0	0	0	0	0	0
2025-03-13 23:53:59.535	WTyyyy(CC4B99849B02)	1.757	0	0	0	0	0	0	0	0	0	0	0	0	0	0	0	0	0	0
2025-03-13 23:53:59.555	WTyyyy(CC4B99849B02)	1.723	0	0	0	0	0	0	0	0	0	0	0	0	0	0	0	0	0	0
2025-03-13 23:53:59.575	WTyyyy(CC4B99849B02)	1.656	0	0	0	0	0	0	0	0	0	0	0	0	0	0	0	0	0	0
2025-03-13 23:53:59.595	WTyyyy(CC4B99849B02)	1.456	0	0	0	0	0	0	0	0	0	0	0	0	0	0	0	0	0	0
2025-03-13 23:53:59.615	WTyyyy(CC4B99849B02)	1.405	0	0	0	0	0	0	0	0	0	0	0	0	0	0	0	0	0	0
2025-03-13 23:53:59.635	WTyyyy(CC4B99849B02)	1.168	0	0	0	0	0	0	0	0	0	0	0	0	0	0	0	0	0	0
2025-03-13 23:53:59.655	WTyyyy(CC4B99849B02)	1.047	0	0	0	0	0	0	0	0	0	0	0	0	0	0	0	0	0	0
2025-03-13 23:53:59.675	WTyyyy(CC4B99849B02)	0.826	0	0	0	0	0	0	0	0	0	0	0	0	0	0	0	0	0	0
2025-03-13 23:53:59.695	WTyyyy(CC4B99849B02)	0.591	0	0	0	0	0	0	0	0	0	0	0	0	0	0	0	0	0	0
2025-03-13 23:53:59.715	WTyyyy(CC4B99849B02)	0.501	0	0	0	0	0	0	0	0	0	0	0	0	0	0	0	0	0	0
2025-03-13 23:53:59.735	WTyyyy(CC4B99849B02)	0.224	0	0	0	0	0	0	0	0	0	0	0	0	0	0	0	0	0	0
2025-03-13 23:53:59.755	WTyyyy(CC4B99849B02)	-0.082	0	0	0	0	0	0	0	0	0	0	0	0	0	0	0	0	0	0
2025-03-13 23:53:59.775	WTyyyy(CC4B99849B02)	-0.323	0	0	0	0	0	0	0	0	0	0	0	0	0	0	0	0	0	0
2025-03-13 23:53:59.795	WTyyyy(CC4B99849B02)	-0.388	0	0	0	0	0	0	0	0	0	0	0	0	0	0	0	0	0	0
2025-03-13 23:53:59.815	WTyyyy(CC4B99849B02)	-0.628	0	0	0	0	0	0	0	0	0	0	0	0	0	0	0	0	0	0
2025-03-13 23:53:59.835	WTyyyy(CC4B99849B02)	-0.82	0	0	0	0	0	0	0	0	0	0	0	0	0	0	0	0	0	0
2025-03-13 23:53:59.855	WTyyyy(CC4B99849B02)	-0.973	0	0	0	0	0	0	0	0	0	0	0	0	0	0	0	0	0	0
2025-03-13 23:53:59.875	WTyyyy(CC4B99849B02)	-1.193	0	0	0	0	0	0	0	0	0	0	0	0	0	0	0	0	0	0
2025-03-13 23:53:59.895	WTyyyy(CC4B99849B02)	-1.223	0	0	0	0	0	0	0	0	0	0	0	0	0	0	0	0	0	0
2025-03-13 23:53:59.915	WTyyyy(CC4B99849B02)	-1.358	0	0	0	0	0	0	0	0	0	0	0	0	0	0	0	0	0	0
2025-03-13 23:53:59.935	WTyyyy(CC4B99849B02)	-1.38	0	0	0	0	0	0	0	0	0	0	0	0	0	0	0	0	0	0
2025-03-13 23:53:59.955	WTyyyy(CC4B99849B02)	-1.348	0	0	0	0	0	0	0	0	0	0	0	0	0	0	0	0	0	0
2025-03-13 23:53:59.975	WTyyyy(CC4B99849B02)	-1.408	0	0	0	0	0	0	0	0	0	0	0	0	0	0	0	0	0	0
2025-03-13 23:53:59.995	WTyyyy(CC4B99849B02)	-1.367	0	0	0	0	0	0	0	0	0	0	0	0	0	0	0	0	0	0
2025-03-13 23:54:00.015	WTyyyy(CC4B99849B02)	-1.295	0	0	0	0	0	0	0	0	0	0	0	0	0	0	0	0	0	0
2025-03-13 23:54:00.035	WTyyyy(CC4B99849B02)	-1.412	0	0	0	0	0	0	0	0	0	0	0	0	0	0	0	0	0	0
2025-03-13 23:54:00.055	WTyyyy(CC4B99849B02)	-1.189	0	0	0	0	0	0	0	0	0	0	0	0	0	0	0	0	0	0
2025-03-13 23:54:00.075	WTyyyy(CC4B99849B02)	-1.005	0	0	0	0	0	0	0	0	0	0	0	0	0	0	0	0	0	0
2025-03-13 23:54:00.095	WTyyyy(CC4B99849B02)	-0.852	0	0	0	0	0	0	0	0	0	0	0	0	0	0	0	0	0	0
2025-03-13 23:54:00.115	WTyyyy(CC4B99849B02)	-0.766	0	0	0	0	0	0	0	0	0	0	0	0	0	0	0	0	0	0
2025-03-13 23:54:00.135	WTyyyy(CC4B99849B02)	-0.608	0	0	0	0	0	0	0	0	0	0	0	0	0	0	0	0	0	0
2025-03-13 23:54:00.155	WTyyyy(CC4B99849B02)	-0.365	0	0	0	0	0	0	0	0	0	0	0	0	0	0	0	0	0	0
2025-03-13 23:54:00.175	WTyyyy(CC4B99849B02)	-0.262	0	0	0	0	0	0	0	0	0	0	0	0	0	0	0	0	0	0
2025-03-13 23:54:00.195	WTyyyy(CC4B99849B02)	-0.022	0	0	0	0	0	0	0	0	0	0	0	0	0	0	0	0	0	0
2025-03-13 23:54:00.215	WTyyyy(CC4B99849B02)	0.088	0	0	0	0	0	0	0	0	0	0	0	0	0	0	0	0	0	0
2025-03-13 23:54:00.235	WTyyyy(CC4B99849B02)	0.224	0	0	0	0	0	0	0	0	0	0	0	0	0	0	0	0	0	0
2025-03-13 23:54:00.255	WTyyyy(CC4B99849B02)	0.407	0	0	0	0	0	0	0	0	0	0	0	0	0	0	0	0	0	0
2025-03-13 23:54:00.275	WTyyyy(CC4B99849B02)	0.579	0	0	0	0	0	0	0	0	0	0	0	0	0	0	0	0	0	0
2025-03-13 23:54:00.295	WTyyyy(CC4B99849B02)	0.693	0	0	0	0	0	0	0	0	0	0	0	0	0	0	0	0	0	0
2025-03-13 23:54:00.315	WTyyyy(CC4B99849B02)	0.666	0	0	0	0	0	0	0	0	0	0	0	0	0	0	0	0	0	0
2025-03-13 23:54:00.335	WTyyyy(CC4B99849B02)	0.797	0	0	0	0	0	0	0	0	0	0	0	0	0	0	0	0	0	0
2025-03-13 23:54:00.355	WTyyyy(CC4B99849B02)	0.955	0	0	0	0	0	0	0	0	0	0	0	0	0	0	0	0	0	0
2025-03-13 23:54:00.375	WTyyyy(CC4B99849B02)	1.003	0	0	0	0	0	0	0	0	0	0	0	0	0	0	0	0	0	0
2025-03-13 23:54:00.395	WTyyyy(CC4B99849B02)	1.037	0	0	0	0	0	0	0	0	0	0	0	0	0	0	0	0	0	0
2025-03-13 23:54:00.415	WTyyyy(CC4B99849B02)	0.958	0	0	0	0	0	0	0	0	0	0	0	0	0	0	0	0	0	0
2025-03-13 23:54:00.435	WTyyyy(CC4B99849B02)	0.982	0	0	0	0	0	0	0	0	0	0	0	0	0	0	0	0	0	0
2025-03-13 23:54:00.455	WTyyyy(CC4B99849B02)	0.88	0	0	0	0	0	0	0	0	0	0	0	0	0	0	0	0	0	0
2025-03-13 23:54:00.475	WTyyyy(CC4B99849B02)	0.857	0	0	0	0	0	0	0	0	0	0	0	0	0	0	0	0	0	0
2025-03-13 23:54:00.495	WTyyyy(CC4B99849B02)	0.744	0	0	0	0	0	0	0	0	0	0	0	0	0	0	0	0	0	0
2025-03-13 23:54:00.515	WTyyyy(CC4B99849B02)	0.795	0	0	0	0	0	0	0	0	0	0	0	0	0	0	0	0	0	0
2025-03-13 23:54:00.535	WTyyyy(CC4B99849B02)	0.596	0	0	0	0	0	0	0	0	0	0	0	0	0	0	0	0	0	0
2025-03-13 23:54:00.555	WTyyyy(CC4B99849B02)	0.562	0	0	0	0	0	0	0	0	0	0	0	0	0	0	0	0	0	0
2025-03-13 23:54:00.575	WTyyyy(CC4B99849B02)	0.324	0	0	0	0	0	0	0	0	0	0	0	0	0	0	0	0	0	0
2025-03-13 23:54:00.595	WTyyyy(CC4B99849B02)	0.288	0	0	0	0	0	0	0	0	0	0	0	0	0	0	0	0	0	0
2025-03-13 23:54:00.615	WTyyyy(CC4B99849B02)	0.326	0	0	0	0	0	0	0	0	0	0	0	0	0	0	0	0	0	0
2025-03-13 23:54:00.635	WTyyyy(CC4B99849B02)	0.105	0	0	0	0	0	0	0	0	0	0	0	0	0	0	0	0	0	0
2025-03-13 23:54:00.655	WTyyyy(CC4B99849B02)	0.082	0	0	0	0	0	0	0	0	0	0	0	0	0	0	0	0	0	0
2025-03-13 23:54:00.675	WTyyyy(CC4B99849B02)	-0.052	0	0	0	0	0	0	0	0	0	0	0	0	0	0	0	0	0	0
2025-03-13 23:54:00.695	WTyyyy(CC4B99849B02)	-0.12	0	0	0	0	0	0	0	0	0	0	0	0	0	0	0	0	0	0
2025-03-13 23:54:00.715	WTyyyy(CC4B99849B02)	-0.176	0	0	0	0	0	0	0	0	0	0	0	0	0	0	0	0	0	0
2025-03-13 23:54:00.735	WTyyyy(CC4B99849B02)	-0.331	0	0	0	0	0	0	0	0	0	0	0	0	0	0	0	0	0	0
2025-03-13 23:54:00.755	WTyyyy(CC4B99849B02)	-0.398	0	0	0	0	0	0	0	0	0	0	0	0	0	0	0	0	0	0
2025-03-13 23:54:00.775	WTyyyy(CC4B99849B02)	-0.391	0	0	0	0	0	0	0	0	0	0	0	0	0	0	0	0	0	0
2025-03-13 23:54:00.795	WTyyyy(CC4B99849B02)	-0.435	0	0	0	0	0	0	0	0	0	0	0	0	0	0	0	0	0	0
2025-03-13 23:54:00.815	WTyyyy(CC4B99849B02)	-0.451	0	0	0	0	0	0	0	0	0	0	0	0	0	0	0	0	0	0
2025-03-13 23:54:00.835	WTyyyy(CC4B99849B02)	-0.569	0	0	0	0	0	0	0	0	0	0	0	0	0	0	0	0	0	0
2025-03-13 23:54:00.855	WTyyyy(CC4B99849B02)	-0.51	0	0	0	0	0	0	0	0	0	0	0	0	0	0	0	0	0	0
2025-03-13 23:54:00.875	WTyyyy(CC4B99849B02)	-0.414	0	0	0	0	0	0	0	0	0	0	0	0	0	0	0	0	0	0
2025-03-13 23:54:00.895	WTyyyy(CC4B99849B02)	-0.432	0	0	0	0	0	0	0	0	0	0	0	0	0	0	0	0	0	0
2025-03-13 23:54:00.915	WTyyyy(CC4B99849B02)	-0.365	0	0	0	0	0	0	0	0	0	0	0	0	0	0	0	0	0	0
2025-03-13 23:54:00.935	WTyyyy(CC4B99849B02)	-0.291	0	0	0	0	0	0	0	0	0	0	0	0	0	0	0	0	0	0
2025-03-13 23:54:00.955	WTyyyy(CC4B99849B02)	-0.35	0	0	0	0	0	0	0	0	0	0	0	0	0	0	0	0	0	0
2025-03-13 23:54:00.975	WTyyyy(CC4B99849B02)	-0.181	0	0	0	0	0	0	0	0	0	0	0	0	0	0	0	0	0	0
2025-03-13 23:54:00.995	WTyyyy(CC4B99849B02)	-0.18	0	0	0	0	0	0	0	0	0	0	0	0	0	0	0	0	0	0
2025-03-13 23:54:01.015	WTyyyy(CC4B99849B02)	-0.179	0	0	0	0	0	0	0	0	0	0	0	0	0	0	0	0	0	0
2025-03-13 23:54:01.035	WTyyyy(CC4B99849B02)	-0.14	0	0	0	0	0	0	0	0	0	0	0	0	0	0	0	0	0	0
2025-03-13 23:54:01.055	WTyyyy(CC4B99849B02)	-0.111	0	0	0	0	0	0	0	0	0	0	0	0	0	0	0	0	0	0
2025-03-13 23:54:01.075	WTyyyy(CC4B99849B02)	0.009	0	0	0	0	0	0	0	0	0	0	0	0	0	0	0	0	0	0
2025-03-13 23:54:01.095	WTyyyy(CC4B99849B02)	0.062	0	0	0	0	0	0	0	0	0	0	0	0	0	0	0	0	0	0
2025-03-13 23:54:01.115	WTyyyy(CC4B99849B02)	-0.022	0	0	0	0	0	0	0	0	0	0	0	0	0	0	0	0	0	0
2025-03-13 23:54:01.135	WTyyyy(CC4B99849B02)	-0.01	0	0	0	0	0	0	0	0	0	0	0	0	0	0	0	0	0	0
2025-03-13 23:54:01.155	WTyyyy(CC4B99849B02)	0.068	0	0	0	0	0	0	0	0	0	0	0	0	0	0	0	0	0	0
2025-03-13 23:54:01.175	WTyyyy(CC4B99849B02)	0.057	0	0	0	0	0	0	0	0	0	0	0	0	0	0	0	0	0	0
2025-03-13 23:54:01.195	WTyyyy(CC4B99849B02)	0.112	0	0	0	0	0	0	0	0	0	0	0	0	0	0	0	0	0	0
2025-03-13 23:54:01.215	WTyyyy(CC4B99849B02)	0.009	0	0	0	0	0	0	0	0	0	0	0	0	0	0	0	0	0	0
2025-03-13 23:54:01.235	WTyyyy(CC4B99849B02)	0.03	0	0	0	0	0	0	0	0	0	0	0	0	0	0	0	0	0	0
2025-03-13 23:54:01.255	WTyyyy(CC4B99849B02)	-0.005	0	0	0	0	0	0	0	0	0	0	0	0	0	0	0	0	0	0
2025-03-13 23:54:01.275	WTyyyy(CC4B99849B02)	-0.018	0	0	0	0	0	0	0	0	0	0	0	0	0	0	0	0	0	0
2025-03-13 23:54:01.295	WTyyyy(CC4B99849B02)	-0.041	0	0	0	0	0	0	0	0	0	0	0	0	0	0	0	0	0	0
2025-03-13 23:54:01.315	WTyyyy(CC4B99849B02)	-0.087	0	0	0	0	0	0	0	0	0	0	0	0	0	0	0	0	0	0
2025-03-13 23:54:01.335	WTyyyy(CC4B99849B02)	-0.078	0	0	0	0	0	0	0	0	0	0	0	0	0	0	0	0	0	0
2025-03-13 23:54:01.355	WTyyyy(CC4B99849B02)	-0.176	0	0	0	0	0	0	0	0	0	0	0	0	0	0	0	0	0	0
2025-03-13 23:54:01.375	WTyyyy(CC4B99849B02)	-0.207	0	0	0	0	0	0	0	0	0	0	0	0	0	0	0	0	0	0
2025-03-13 23:54:01.395	WTyyyy(CC4B99849B02)	-0.132	0	0	0	0	0	0	0	0	0	0	0	0	0	0	0	0	0	0
2025-03-13 23:54:01.415	WTyyyy(CC4B99849B02)	-0.145	0	0	0	0	0	0	0	0	0	0	0	0	0	0	0	0	0	0
2025-03-13 23:54:01.435	WTyyyy(CC4B99849B02)	-0.175	0	0	0	0	0	0	0	0	0	0	0	0	0	0	0	0	0	0
2025-03-13 23:54:01.455	WTyyyy(CC4B99849B02)	-0.226	0	0	0	0	0	0	0	0	0	0	0	0	0	0	0	0	0	0
2025-03-13 23:54:01.475	WTyyyy(CC4B99849B02)	-0.231	0	0	0	0	0	0	0	0	0	0	0	0	0	0	0	0	0	0
2025-03-13 23:54:01.495	WTyyyy(CC4B99849B02)	-0.169	0	0	0	0	0	0	0	0	0	0	0	0	0	0	0	0	0	0
2025-03-13 23:54:01.515	WTyyyy(CC4B99849B02)	-0.029	0	0	0	0	0	0	0	0	0	0	0	0	0	0	0	0	0	0
2025-03-13 23:54:01.535	WTyyyy(CC4B99849B02)	-0.105	0	0	0	0	0	0	0	0	0	0	0	0	0	0	0	0	0	0
2025-03-13 23:54:01.555	WTyyyy(CC4B99849B02)	-0.151	0	0	0	0	0	0	0	0	0	0	0	0	0	0	0	0	0	0
2025-03-13 23:54:01.575	WTyyyy(CC4B99849B02)	0.009	0	0	0	0	0	0	0	0	0	0	0	0	0	0	0	0	0	0
2025-03-13 23:54:01.595	WTyyyy(CC4B99849B02)	0.106	0	0	0	0	0	0	0	0	0	0	0	0	0	0	0	0	0	0
2025-03-13 23:54:01.615	WTyyyy(CC4B99849B02)	0.112	0	0	0	0	0	0	0	0	0	0	0	0	0	0	0	0	0	0
2025-03-13 23:54:01.635	WTyyyy(CC4B99849B02)	0.231	0	0	0	0	0	0	0	0	0	0	0	0	0	0	0	0	0	0
2025-03-13 23:54:01.655	WTyyyy(CC4B99849B02)	0.26	0	0	0	0	0	0	0	0	0	0	0	0	0	0	0	0	0	0
2025-03-13 23:54:01.675	WTyyyy(CC4B99849B02)	0.361	0	0	0	0	0	0	0	0	0	0	0	0	0	0	0	0	0	0
2025-03-13 23:54:01.695	WTyyyy(CC4B99849B02)	0.464	0	0	0	0	0	0	0	0	0	0	0	0	0	0	0	0	0	0
2025-03-13 23:54:01.715	WTyyyy(CC4B99849B02)	0.509	0	0	0	0	0	0	0	0	0	0	0	0	0	0	0	0	0	0
2025-03-13 23:54:01.735	WTyyyy(CC4B99849B02)	0.613	0	0	0	0	0	0	0	0	0	0	0	0	0	0	0	0	0	0
2025-03-13 23:54:01.755	WTyyyy(CC4B99849B02)	0.568	0	0	0	0	0	0	0	0	0	0	0	0	0	0	0	0	0	0
2025-03-13 23:54:01.775	WTyyyy(CC4B99849B02)	0.673	0	0	0	0	0	0	0	0	0	0	0	0	0	0	0	0	0	0
2025-03-13 23:54:01.795	WTyyyy(CC4B99849B02)	0.681	0	0	0	0	0	0	0	0	0	0	0	0	0	0	0	0	0	0
2025-03-13 23:54:01.815	WTyyyy(CC4B99849B02)	0.692	0	0	0	0	0	0	0	0	0	0	0	0	0	0	0	0	0	0
2025-03-13 23:54:01.835	WTyyyy(CC4B99849B02)	0.684	0	0	0	0	0	0	0	0	0	0	0	0	0	0	0	0	0	0
2025-03-13 23:54:01.855	WTyyyy(CC4B99849B02)	0.706	0	0	0	0	0	0	0	0	0	0	0	0	0	0	0	0	0	0
2025-03-13 23:54:01.875	WTyyyy(CC4B99849B02)	0.773	0	0	0	0	0	0	0	0	0	0	0	0	0	0	0	0	0	0
2025-03-13 23:54:01.895	WTyyyy(CC4B99849B02)	0.537	0	0	0	0	0	0	0	0	0	0	0	0	0	0	0	0	0	0
2025-03-13 23:54:01.915	WTyyyy(CC4B99849B02)	0.491	0	0	0	0	0	0	0	0	0	0	0	0	0	0	0	0	0	0
2025-03-13 23:54:01.935	WTyyyy(CC4B99849B02)	0.571	0	0	0	0	0	0	0	0	0	0	0	0	0	0	0	0	0	0
2025-03-13 23:54:01.955	WTyyyy(CC4B99849B02)	0.415	0	0	0	0	0	0	0	0	0	0	0	0	0	0	0	0	0	0
2025-03-13 23:54:01.975	WTyyyy(CC4B99849B02)	0.279	0	0	0	0	0	0	0	0	0	0	0	0	0	0	0	0	0	0
2025-03-13 23:54:01.995	WTyyyy(CC4B99849B02)	0.215	0	0	0	0	0	0	0	0	0	0	0	0	0	0	0	0	0	0
2025-03-13 23:54:02.015	WTyyyy(CC4B99849B02)	-0.038	0	0	0	0	0	0	0	0	0	0	0	0	0	0	0	0	0	0
2025-03-13 23:54:02.035	WTyyyy(CC4B99849B02)	-0.058	0	0	0	0	0	0	0	0	0	0	0	0	0	0	0	0	0	0
2025-03-13 23:54:02.055	WTyyyy(CC4B99849B02)	-0.252	0	0	0	0	0	0	0	0	0	0	0	0	0	0	0	0	0	0
2025-03-13 23:54:02.075	WTyyyy(CC4B99849B02)	-0.326	0	0	0	0	0	0	0	0	0	0	0	0	0	0	0	0	0	0
2025-03-13 23:54:02.095	WTyyyy(CC4B99849B02)	-0.604	0	0	0	0	0	0	0	0	0	0	0	0	0	0	0	0	0	0
2025-03-13 23:54:02.115	WTyyyy(CC4B99849B02)	-0.637	0	0	0	0	0	0	0	0	0	0	0	0	0	0	0	0	0	0
2025-03-13 23:54:02.135	WTyyyy(CC4B99849B02)	-0.834	0	0	0	0	0	0	0	0	0	0	0	0	0	0	0	0	0	0
2025-03-13 23:54:02.155	WTyyyy(CC4B99849B02)	-0.84	0	0	0	0	0	0	0	0	0	0	0	0	0	0	0	0	0	0
2025-03-13 23:54:02.175	WTyyyy(CC4B99849B02)	-1.008	0	0	0	0	0	0	0	0	0	0	0	0	0	0	0	0	0	0
2025-03-13 23:54:02.195	WTyyyy(CC4B99849B02)	-1.097	0	0	0	0	0	0	0	0	0	0	0	0	0	0	0	0	0	0
2025-03-13 23:54:02.215	WTyyyy(CC4B99849B02)	-1.114	0	0	0	0	0	0	0	0	0	0	0	0	0	0	0	0	0	0
2025-03-13 23:54:02.235	WTyyyy(CC4B99849B02)	-1.174	0	0	0	0	0	0	0	0	0	0	0	0	0	0	0	0	0	0
2025-03-13 23:54:02.255	WTyyyy(CC4B99849B02)	-1.235	0	0	0	0	0	0	0	0	0	0	0	0	0	0	0	0	0	0
2025-03-13 23:54:02.275	WTyyyy(CC4B99849B02)	-1.212	0	0	0	0	0	0	0	0	0	0	0	0	0	0	0	0	0	0
2025-03-13 23:54:02.295	WTyyyy(CC4B99849B02)	-1.143	0	0	0	0	0	0	0	0	0	0	0	0	0	0	0	0	0	0
2025-03-13 23:54:02.315	WTyyyy(CC4B99849B02)	-1.157	0	0	0	0	0	0	0	0	0	0	0	0	0	0	0	0	0	0
2025-03-13 23:54:02.335	WTyyyy(CC4B99849B02)	-1.021	0	0	0	0	0	0	0	0	0	0	0	0	0	0	0	0	0	0
2025-03-13 23:54:02.355	WTyyyy(CC4B99849B02)	-0.882	0	0	0	0	0	0	0	0	0	0	0	0	0	0	0	0	0	0
2025-03-13 23:54:02.375	WTyyyy(CC4B99849B02)	-0.885	0	0	0	0	0	0	0	0	0	0	0	0	0	0	0	0	0	0
2025-03-13 23:54:02.395	WTyyyy(CC4B99849B02)	-0.614	0	0	0	0	0	0	0	0	0	0	0	0	0	0	0	0	0	0
2025-03-13 23:54:02.415	WTyyyy(CC4B99849B02)	-0.492	0	0	0	0	0	0	0	0	0	0	0	0	0	0	0	0	0	0
2025-03-13 23:54:02.435	WTyyyy(CC4B99849B02)	-0.418	0	0	0	0	0	0	0	0	0	0	0	0	0	0	0	0	0	0
2025-03-13 23:54:02.455	WTyyyy(CC4B99849B02)	-0.098	0	0	0	0	0	0	0	0	0	0	0	0	0	0	0	0	0	0
2025-03-13 23:54:02.475	WTyyyy(CC4B99849B02)	0.012	0	0	0	0	0	0	0	0	0	0	0	0	0	0	0	0	0	0
2025-03-13 23:54:02.495	WTyyyy(CC4B99849B02)	0.155	0	0	0	0	0	0	0	0	0	0	0	0	0	0	0	0	0	0
2025-03-13 23:54:02.515	WTyyyy(CC4B99849B02)	0.305	0	0	0	0	0	0	0	0	0	0	0	0	0	0	0	0	0	0
2025-03-13 23:54:02.535	WTyyyy(CC4B99849B02)	0.666	0	0	0	0	0	0	0	0	0	0	0	0	0	0	0	0	0	0
2025-03-13 23:54:02.555	WTyyyy(CC4B99849B02)	0.806	0	0	0	0	0	0	0	0	0	0	0	0	0	0	0	0	0	0
2025-03-13 23:54:02.575	WTyyyy(CC4B99849B02)	0.923	0	0	0	0	0	0	0	0	0	0	0	0	0	0	0	0	0	0
2025-03-13 23:54:02.595	WTyyyy(CC4B99849B02)	1.137	0	0	0	0	0	0	0	0	0	0	0	0	0	0	0	0	0	0
2025-03-13 23:54:02.615	WTyyyy(CC4B99849B02)	1.261	0	0	0	0	0	0	0	0	0	0	0	0	0	0	0	0	0	0
2025-03-13 23:54:02.635	WTyyyy(CC4B99849B02)	1.31	0	0	0	0	0	0	0	0	0	0	0	0	0	0	0	0	0	0
2025-03-13 23:54:02.655	WTyyyy(CC4B99849B02)	1.501	0	0	0	0	0	0	0	0	0	0	0	0	0	0	0	0	0	0
2025-03-13 23:54:02.675	WTyyyy(CC4B99849B02)	1.545	0	0	0	0	0	0	0	0	0	0	0	0	0	0	0	0	0	0
2025-03-13 23:54:02.695	WTyyyy(CC4B99849B02)	1.608	0	0	0	0	0	0	0	0	0	0	0	0	0	0	0	0	0	0
2025-03-13 23:54:02.715	WTyyyy(CC4B99849B02)	1.7	0	0	0	0	0	0	0	0	0	0	0	0	0	0	0	0	0	0
2025-03-13 23:54:02.735	WTyyyy(CC4B99849B02)	1.53	0	0	0	0	0	0	0	0	0	0	0	0	0	0	0	0	0	0
2025-03-13 23:54:02.755	WTyyyy(CC4B99849B02)	1.55	0	0	0	0	0	0	0	0	0	0	0	0	0	0	0	0	0	0
2025-03-13 23:54:02.775	WTyyyy(CC4B99849B02)	1.434	0	0	0	0	0	0	0	0	0	0	0	0	0	0	0	0	0	0
2025-03-13 23:54:02.795	WTyyyy(CC4B99849B02)	1.3	0	0	0	0	0	0	0	0	0	0	0	0	0	0	0	0	0	0
2025-03-13 23:54:02.815	WTyyyy(CC4B99849B02)	1.159	0	0	0	0	0	0	0	0	0	0	0	0	0	0	0	0	0	0
2025-03-13 23:54:02.835	WTyyyy(CC4B99849B02)	1.045	0	0	0	0	0	0	0	0	0	0	0	0	0	0	0	0	0	0
2025-03-13 23:54:02.855	WTyyyy(CC4B99849B02)	0.783	0	0	0	0	0	0	0	0	0	0	0	0	0	0	0	0	0	0
2025-03-13 23:54:02.875	WTyyyy(CC4B99849B02)	0.64	0	0	0	0	0	0	0	0	0	0	0	0	0	0	0	0	0	0
2025-03-13 23:54:02.895	WTyyyy(CC4B99849B02)	0.328	0	0	0	0	0	0	0	0	0	0	0	0	0	0	0	0	0	0
2025-03-13 23:54:02.915	WTyyyy(CC4B99849B02)	0.125	0	0	0	0	0	0	0	0	0	0	0	0	0	0	0	0	0	0
2025-03-13 23:54:02.935	WTyyyy(CC4B99849B02)	-0.19	0	0	0	0	0	0	0	0	0	0	0	0	0	0	0	0	0	0
2025-03-13 23:54:02.955	WTyyyy(CC4B99849B02)	-0.449	0	0	0	0	0	0	0	0	0	0	0	0	0	0	0	0	0	0
2025-03-13 23:54:02.975	WTyyyy(CC4B99849B02)	-0.634	0	0	0	0	0	0	0	0	0	0	0	0	0	0	0	0	0	0
2025-03-13 23:54:02.995	WTyyyy(CC4B99849B02)	-0.776	0	0	0	0	0	0	0	0	0	0	0	0	0	0	0	0	0	0
2025-03-13 23:54:03.015	WTyyyy(CC4B99849B02)	-0.992	0	0	0	0	0	0	0	0	0	0	0	0	0	0	0	0	0	0
2025-03-13 23:54:03.035	WTyyyy(CC4B99849B02)	-1.225	0	0	0	0	0	0	0	0	0	0	0	0	0	0	0	0	0	0
2025-03-13 23:54:03.055	WTyyyy(CC4B99849B02)	-1.388	0	0	0	0	0	0	0	0	0	0	0	0	0	0	0	0	0	0
2025-03-13 23:54:03.075	WTyyyy(CC4B99849B02)	-1.514	0	0	0	0	0	0	0	0	0	0	0	0	0	0	0	0	0	0
2025-03-13 23:54:03.095	WTyyyy(CC4B99849B02)	-1.607	0	0	0	0	0	0	0	0	0	0	0	0	0	0	0	0	0	0
2025-03-13 23:54:03.115	WTyyyy(CC4B99849B02)	-1.83	0	0	0	0	0	0	0	0	0	0	0	0	0	0	0	0	0	0
2025-03-13 23:54:03.135	WTyyyy(CC4B99849B02)	-1.934	0	0	0	0	0	0	0	0	0	0	0	0	0	0	0	0	0	0
2025-03-13 23:54:03.155	WTyyyy(CC4B99849B02)	-1.863	0	0	0	0	0	0	0	0	0	0	0	0	0	0	0	0	0	0
2025-03-13 23:54:03.175	WTyyyy(CC4B99849B02)	-1.808	0	0	0	0	0	0	0	0	0	0	0	0	0	0	0	0	0	0
2025-03-13 23:54:03.195	WTyyyy(CC4B99849B02)	-1.895	0	0	0	0	0	0	0	0	0	0	0	0	0	0	0	0	0	0
2025-03-13 23:54:03.215	WTyyyy(CC4B99849B02)	-1.664	0	0	0	0	0	0	0	0	0	0	0	0	0	0	0	0	0	0
2025-03-13 23:54:03.235	WTyyyy(CC4B99849B02)	-1.615	0	0	0	0	0	0	0	0	0	0	0	0	0	0	0	0	0	0
2025-03-13 23:54:03.255	WTyyyy(CC4B99849B02)	-1.554	0	0	0	0	0	0	0	0	0	0	0	0	0	0	0	0	0	0
2025-03-13 23:54:03.275	WTyyyy(CC4B99849B02)	-1.274	0	0	0	0	0	0	0	0	0	0	0	0	0	0	0	0	0	0
2025-03-13 23:54:03.295	WTyyyy(CC4B99849B02)	-1.063	0	0	0	0	0	0	0	0	0	0	0	0	0	0	0	0	0	0
2025-03-13 23:54:03.315	WTyyyy(CC4B99849B02)	-0.862	0	0	0	0	0	0	0	0	0	0	0	0	0	0	0	0	0	0
2025-03-13 23:54:03.335	WTyyyy(CC4B99849B02)	-0.514	0	0	0	0	0	0	0	0	0	0	0	0	0	0	0	0	0	0
2025-03-13 23:54:03.355	WTyyyy(CC4B99849B02)	-0.257	0	0	0	0	0	0	0	0	0	0	0	0	0	0	0	0	0	0
2025-03-13 23:54:03.375	WTyyyy(CC4B99849B02)	-0.115	0	0	0	0	0	0	0	0	0	0	0	0	0	0	0	0	0	0
2025-03-13 23:54:03.395	WTyyyy(CC4B99849B02)	0.192	0	0	0	0	0	0	0	0	0	0	0	0	0	0	0	0	0	0
2025-03-13 23:54:03.415	WTyyyy(CC4B99849B02)	0.375	0	0	0	0	0	0	0	0	0	0	0	0	0	0	0	0	0	0
2025-03-13 23:54:03.435	WTyyyy(CC4B99849B02)	0.795	0	0	0	0	0	0	0	0	0	0	0	0	0	0	0	0	0	0
2025-03-13 23:54:03.455	WTyyyy(CC4B99849B02)	0.952	0	0	0	0	0	0	0	0	0	0	0	0	0	0	0	0	0	0
2025-03-13 23:54:03.475	WTyyyy(CC4B99849B02)	1.268	0	0	0	0	0	0	0	0	0	0	0	0	0	0	0	0	0	0
2025-03-13 23:54:03.495	WTyyyy(CC4B99849B02)	1.508	0	0	0	0	0	0	0	0	0	0	0	0	0	0	0	0	0	0
2025-03-13 23:54:03.515	WTyyyy(CC4B99849B02)	1.6	0	0	0	0	0	0	0	0	0	0	0	0	0	0	0	0	0	0
2025-03-13 23:54:03.535	WTyyyy(CC4B99849B02)	1.806	0	0	0	0	0	0	0	0	0	0	0	0	0	0	0	0	0	0
2025-03-13 23:54:03.555	WTyyyy(CC4B99849B02)	1.936	0	0	0	0	0	0	0	0	0	0	0	0	0	0	0	0	0	0
2025-03-13 23:54:03.575	WTyyyy(CC4B99849B02)	1.954	0	0	0	0	0	0	0	0	0	0	0	0	0	0	0	0	0	0
2025-03-13 23:54:03.595	WTyyyy(CC4B99849B02)	1.973	0	0	0	0	0	0	0	0	0	0	0	0	0	0	0	0	0	0
2025-03-13 23:54:03.615	WTyyyy(CC4B99849B02)	1.983	0	0	0	0	0	0	0	0	0	0	0	0	0	0	0	0	0	0
2025-03-13 23:54:03.635	WTyyyy(CC4B99849B02)	2.001	0	0	0	0	0	0	0	0	0	0	0	0	0	0	0	0	0	0
2025-03-13 23:54:03.655	WTyyyy(CC4B99849B02)	1.852	0	0	0	0	0	0	0	0	0	0	0	0	0	0	0	0	0	0
2025-03-13 23:54:03.675	WTyyyy(CC4B99849B02)	1.787	0	0	0	0	0	0	0	0	0	0	0	0	0	0	0	0	0	0
2025-03-13 23:54:03.695	WTyyyy(CC4B99849B02)	1.564	0	0	0	0	0	0	0	0	0	0	0	0	0	0	0	0	0	0
2025-03-13 23:54:03.715	WTyyyy(CC4B99849B02)	1.488	0	0	0	0	0	0	0	0	0	0	0	0	0	0	0	0	0	0
2025-03-13 23:54:03.735	WTyyyy(CC4B99849B02)	1.332	0	0	0	0	0	0	0	0	0	0	0	0	0	0	0	0	0	0
2025-03-13 23:54:03.755	WTyyyy(CC4B99849B02)	1.032	0	0	0	0	0	0	0	0	0	0	0	0	0	0	0	0	0	0
2025-03-13 23:54:03.775	WTyyyy(CC4B99849B02)	0.751	0	0	0	0	0	0	0	0	0	0	0	0	0	0	0	0	0	0
2025-03-13 23:54:03.795	WTyyyy(CC4B99849B02)	0.596	0	0	0	0	0	0	0	0	0	0	0	0	0	0	0	0	0	0
2025-03-13 23:54:03.815	WTyyyy(CC4B99849B02)	0.245	0	0	0	0	0	0	0	0	0	0	0	0	0	0	0	0	0	0
2025-03-13 23:54:03.835	WTyyyy(CC4B99849B02)	0.028	0	0	0	0	0	0	0	0	0	0	0	0	0	0	0	0	0	0
2025-03-13 23:54:03.855	WTyyyy(CC4B99849B02)	-0.238	0	0	0	0	0	0	0	0	0	0	0	0	0	0	0	0	0	0
2025-03-13 23:54:03.875	WTyyyy(CC4B99849B02)	-0.598	0	0	0	0	0	0	0	0	0	0	0	0	0	0	0	0	0	0
2025-03-13 23:54:03.895	WTyyyy(CC4B99849B02)	-0.741	0	0	0	0	0	0	0	0	0	0	0	0	0	0	0	0	0	0
2025-03-13 23:54:03.915	WTyyyy(CC4B99849B02)	-1.05	0	0	0	0	0	0	0	0	0	0	0	0	0	0	0	0	0	0
2025-03-13 23:54:03.935	WTyyyy(CC4B99849B02)	-1.314	0	0	0	0	0	0	0	0	0	0	0	0	0	0	0	0	0	0
2025-03-13 23:54:03.955	WTyyyy(CC4B99849B02)	-1.531	0	0	0	0	0	0	0	0	0	0	0	0	0	0	0	0	0	0
2025-03-13 23:54:03.975	WTyyyy(CC4B99849B02)	-1.622	0	0	0	0	0	0	0	0	0	0	0	0	0	0	0	0	0	0
2025-03-13 23:54:03.995	WTyyyy(CC4B99849B02)	-1.81	0	0	0	0	0	0	0	0	0	0	0	0	0	0	0	0	0	0
2025-03-13 23:54:04.015	WTyyyy(CC4B99849B02)	-1.883	0	0	0	0	0	0	0	0	0	0	0	0	0	0	0	0	0	0
2025-03-13 23:54:04.035	WTyyyy(CC4B99849B02)	-1.857	0	0	0	0	0	0	0	0	0	0	0	0	0	0	0	0	0	0
2025-03-13 23:54:04.055	WTyyyy(CC4B99849B02)	-1.978	0	0	0	0	0	0	0	0	0	0	0	0	0	0	0	0	0	0
2025-03-13 23:54:04.075	WTyyyy(CC4B99849B02)	-1.933	0	0	0	0	0	0	0	0	0	0	0	0	0	0	0	0	0	0
2025-03-13 23:54:04.095	WTyyyy(CC4B99849B02)	-1.874	0	0	0	0	0	0	0	0	0	0	0	0	0	0	0	0	0	0
2025-03-13 23:54:04.115	WTyyyy(CC4B99849B02)	-1.834	0	0	0	0	0	0	0	0	0	0	0	0	0	0	0	0	0	0
2025-03-13 23:54:04.135	WTyyyy(CC4B99849B02)	-1.545	0	0	0	0	0	0	0	0	0	0	0	0	0	0	0	0	0	0
2025-03-13 23:54:04.155	WTyyyy(CC4B99849B02)	-1.549	0	0	0	0	0	0	0	0	0	0	0	0	0	0	0	0	0	0
2025-03-13 23:54:04.175	WTyyyy(CC4B99849B02)	-1.269	0	0	0	0	0	0	0	0	0	0	0	0	0	0	0	0	0	0
2025-03-13 23:54:04.195	WTyyyy(CC4B99849B02)	-1.122	0	0	0	0	0	0	0	0	0	0	0	0	0	0	0	0	0	0
2025-03-13 23:54:04.215	WTyyyy(CC4B99849B02)	-0.965	0	0	0	0	0	0	0	0	0	0	0	0	0	0	0	0	0	0
2025-03-13 23:54:04.235	WTyyyy(CC4B99849B02)	-0.728	0	0	0	0	0	0	0	0	0	0	0	0	0	0	0	0	0	0
2025-03-13 23:54:04.255	WTyyyy(CC4B99849B02)	-0.505	0	0	0	0	0	0	0	0	0	0	0	0	0	0	0	0	0	0
2025-03-13 23:54:04.275	WTyyyy(CC4B99849B02)	-0.191	0	0	0	0	0	0	0	0	0	0	0	0	0	0	0	0	0	0
2025-03-13 23:54:04.295	WTyyyy(CC4B99849B02)	0.131	0	0	0	0	0	0	0	0	0	0	0	0	0	0	0	0	0	0
2025-03-13 23:54:04.315	WTyyyy(CC4B99849B02)	0.322	0	0	0	0	0	0	0	0	0	0	0	0	0	0	0	0	0	0
2025-03-13 23:54:04.335	WTyyyy(CC4B99849B02)	0.619	0	0	0	0	0	0	0	0	0	0	0	0	0	0	0	0	0	0
2025-03-13 23:54:04.355	WTyyyy(CC4B99849B02)	0.781	0	0	0	0	0	0	0	0	0	0	0	0	0	0	0	0	0	0
2025-03-13 23:54:04.375	WTyyyy(CC4B99849B02)	0.993	0	0	0	0	0	0	0	0	0	0	0	0	0	0	0	0	0	0
2025-03-13 23:54:04.395	WTyyyy(CC4B99849B02)	1.178	0	0	0	0	0	0	0	0	0	0	0	0	0	0	0	0	0	0
2025-03-13 23:54:04.415	WTyyyy(CC4B99849B02)	1.417	0	0	0	0	0	0	0	0	0	0	0	0	0	0	0	0	0	0
2025-03-13 23:54:04.435	WTyyyy(CC4B99849B02)	1.574	0	0	0	0	0	0	0	0	0	0	0	0	0	0	0	0	0	0
2025-03-13 23:54:04.455	WTyyyy(CC4B99849B02)	1.597	0	0	0	0	0	0	0	0	0	0	0	0	0	0	0	0	0	0
2025-03-13 23:54:04.475	WTyyyy(CC4B99849B02)	1.737	0	0	0	0	0	0	0	0	0	0	0	0	0	0	0	0	0	0
2025-03-13 23:54:04.495	WTyyyy(CC4B99849B02)	1.744	0	0	0	0	0	0	0	0	0	0	0	0	0	0	0	0	0	0
2025-03-13 23:54:04.515	WTyyyy(CC4B99849B02)	1.801	0	0	0	0	0	0	0	0	0	0	0	0	0	0	0	0	0	0
2025-03-13 23:54:04.535	WTyyyy(CC4B99849B02)	1.715	0	0	0	0	0	0	0	0	0	0	0	0	0	0	0	0	0	0
2025-03-13 23:54:04.555	WTyyyy(CC4B99849B02)	1.71	0	0	0	0	0	0	0	0	0	0	0	0	0	0	0	0	0	0
2025-03-13 23:54:04.575	WTyyyy(CC4B99849B02)	1.567	0	0	0	0	0	0	0	0	0	0	0	0	0	0	0	0	0	0
2025-03-13 23:54:04.595	WTyyyy(CC4B99849B02)	1.393	0	0	0	0	0	0	0	0	0	0	0	0	0	0	0	0	0	0
2025-03-13 23:54:04.615	WTyyyy(CC4B99849B02)	1.257	0	0	0	0	0	0	0	0	0	0	0	0	0	0	0	0	0	0
2025-03-13 23:54:04.635	WTyyyy(CC4B99849B02)	1.143	0	0	0	0	0	0	0	0	0	0	0	0	0	0	0	0	0	0
2025-03-13 23:54:04.655	WTyyyy(CC4B99849B02)	0.87	0	0	0	0	0	0	0	0	0	0	0	0	0	0	0	0	0	0
2025-03-13 23:54:04.675	WTyyyy(CC4B99849B02)	0.828	0	0	0	0	0	0	0	0	0	0	0	0	0	0	0	0	0	0
2025-03-13 23:54:04.695	WTyyyy(CC4B99849B02)	0.549	0	0	0	0	0	0	0	0	0	0	0	0	0	0	0	0	0	0
2025-03-13 23:54:04.715	WTyyyy(CC4B99849B02)	0.329	0	0	0	0	0	0	0	0	0	0	0	0	0	0	0	0	0	0
2025-03-13 23:54:04.735	WTyyyy(CC4B99849B02)	0.059	0	0	0	0	0	0	0	0	0	0	0	0	0	0	0	0	0	0
2025-03-13 23:54:04.755	WTyyyy(CC4B99849B02)	-0.119	0	0	0	0	0	0	0	0	0	0	0	0	0	0	0	0	0	0
2025-03-13 23:54:04.775	WTyyyy(CC4B99849B02)	-0.358	0	0	0	0	0	0	0	0	0	0	0	0	0	0	0	0	0	0
2025-03-13 23:54:04.795	WTyyyy(CC4B99849B02)	-0.518	0	0	0	0	0	0	0	0	0	0	0	0	0	0	0	0	0	0
2025-03-13 23:54:04.815	WTyyyy(CC4B99849B02)	-0.832	0	0	0	0	0	0	0	0	0	0	0	0	0	0	0	0	0	0
2025-03-13 23:54:04.835	WTyyyy(CC4B99849B02)	-0.955	0	0	0	0	0	0	0	0	0	0	0	0	0	0	0	0	0	0
2025-03-13 23:54:04.855	WTyyyy(CC4B99849B02)	-1.022	0	0	0	0	0	0	0	0	0	0	0	0	0	0	0	0	0	0
2025-03-13 23:54:04.875	WTyyyy(CC4B99849B02)	-1.109	0	0	0	0	0	0	0	0	0	0	0	0	0	0	0	0	0	0
2025-03-13 23:54:04.895	WTyyyy(CC4B99849B02)	-1.247	0	0	0	0	0	0	0	0	0	0	0	0	0	0	0	0	0	0
2025-03-13 23:54:04.915	WTyyyy(CC4B99849B02)	-1.379	0	0	0	0	0	0	0	0	0	0	0	0	0	0	0	0	0	0
2025-03-13 23:54:04.935	WTyyyy(CC4B99849B02)	-1.375	0	0	0	0	0	0	0	0	0	0	0	0	0	0	0	0	0	0
2025-03-13 23:54:04.955	WTyyyy(CC4B99849B02)	-1.488	0	0	0	0	0	0	0	0	0	0	0	0	0	0	0	0	0	0
2025-03-13 23:54:04.975	WTyyyy(CC4B99849B02)	-1.367	0	0	0	0	0	0	0	0	0	0	0	0	0	0	0	0	0	0
2025-03-13 23:54:04.995	WTyyyy(CC4B99849B02)	-1.399	0	0	0	0	0	0	0	0	0	0	0	0	0	0	0	0	0	0
2025-03-13 23:54:05.015	WTyyyy(CC4B99849B02)	-1.195	0	0	0	0	0	0	0	0	0	0	0	0	0	0	0	0	0	0
2025-03-13 23:54:05.035	WTyyyy(CC4B99849B02)	-1.24	0	0	0	0	0	0	0	0	0	0	0	0	0	0	0	0	0	0
2025-03-13 23:54:05.055	WTyyyy(CC4B99849B02)	-1.126	0	0	0	0	0	0	0	0	0	0	0	0	0	0	0	0	0	0
2025-03-13 23:54:05.075	WTyyyy(CC4B99849B02)	-0.986	0	0	0	0	0	0	0	0	0	0	0	0	0	0	0	0	0	0
2025-03-13 23:54:05.095	WTyyyy(CC4B99849B02)	-0.791	0	0	0	0	0	0	0	0	0	0	0	0	0	0	0	0	0	0
2025-03-13 23:54:05.115	WTyyyy(CC4B99849B02)	-0.62	0	0	0	0	0	0	0	0	0	0	0	0	0	0	0	0	0	0
2025-03-13 23:54:05.135	WTyyyy(CC4B99849B02)	-0.56	0	0	0	0	0	0	0	0	0	0	0	0	0	0	0	0	0	0
2025-03-13 23:54:05.155	WTyyyy(CC4B99849B02)	-0.356	0	0	0	0	0	0	0	0	0	0	0	0	0	0	0	0	0	0
2025-03-13 23:54:05.175	WTyyyy(CC4B99849B02)	-0.102	0	0	0	0	0	0	0	0	0	0	0	0	0	0	0	0	0	0
2025-03-13 23:54:05.195	WTyyyy(CC4B99849B02)	0.038	0	0	0	0	0	0	0	0	0	0	0	0	0	0	0	0	0	0
2025-03-13 23:54:05.215	WTyyyy(CC4B99849B02)	0.065	0	0	0	0	0	0	0	0	0	0	0	0	0	0	0	0	0	0
2025-03-13 23:54:05.235	WTyyyy(CC4B99849B02)	0.354	0	0	0	0	0	0	0	0	0	0	0	0	0	0	0	0	0	0
2025-03-13 23:54:05.255	WTyyyy(CC4B99849B02)	0.472	0	0	0	0	0	0	0	0	0	0	0	0	0	0	0	0	0	0
2025-03-13 23:54:05.275	WTyyyy(CC4B99849B02)	0.551	0	0	0	0	0	0	0	0	0	0	0	0	0	0	0	0	0	0
2025-03-13 23:54:05.295	WTyyyy(CC4B99849B02)	0.701	0	0	0	0	0	0	0	0	0	0	0	0	0	0	0	0	0	0
2025-03-13 23:54:05.315	WTyyyy(CC4B99849B02)	0.842	0	0	0	0	0	0	0	0	0	0	0	0	0	0	0	0	0	0
2025-03-13 23:54:05.335	WTyyyy(CC4B99849B02)	0.878	0	0	0	0	0	0	0	0	0	0	0	0	0	0	0	0	0	0
2025-03-13 23:54:05.355	WTyyyy(CC4B99849B02)	0.941	0	0	0	0	0	0	0	0	0	0	0	0	0	0	0	0	0	0
2025-03-13 23:54:05.375	WTyyyy(CC4B99849B02)	1.028	0	0	0	0	0	0	0	0	0	0	0	0	0	0	0	0	0	0
2025-03-13 23:54:05.395	WTyyyy(CC4B99849B02)	0.942	0	0	0	0	0	0	0	0	0	0	0	0	0	0	0	0	0	0
2025-03-13 23:54:05.415	WTyyyy(CC4B99849B02)	0.924	0	0	0	0	0	0	0	0	0	0	0	0	0	0	0	0	0	0
2025-03-13 23:54:05.435	WTyyyy(CC4B99849B02)	0.977	0	0	0	0	0	0	0	0	0	0	0	0	0	0	0	0	0	0
2025-03-13 23:54:05.455	WTyyyy(CC4B99849B02)	0.924	0	0	0	0	0	0	0	0	0	0	0	0	0	0	0	0	0	0
2025-03-13 23:54:05.475	WTyyyy(CC4B99849B02)	0.881	0	0	0	0	0	0	0	0	0	0	0	0	0	0	0	0	0	0
2025-03-13 23:54:05.495	WTyyyy(CC4B99849B02)	0.734	0	0	0	0	0	0	0	0	0	0	0	0	0	0	0	0	0	0
2025-03-13 23:54:05.515	WTyyyy(CC4B99849B02)	0.668	0	0	0	0	0	0	0	0	0	0	0	0	0	0	0	0	0	0
2025-03-13 23:54:05.535	WTyyyy(CC4B99849B02)	0.611	0	0	0	0	0	0	0	0	0	0	0	0	0	0	0	0	0	0
2025-03-13 23:54:05.555	WTyyyy(CC4B99849B02)	0.458	0	0	0	0	0	0	0	0	0	0	0	0	0	0	0	0	0	0
2025-03-13 23:54:05.575	WTyyyy(CC4B99849B02)	0.401	0	0	0	0	0	0	0	0	0	0	0	0	0	0	0	0	0	0
2025-03-13 23:54:05.595	WTyyyy(CC4B99849B02)	0.302	0	0	0	0	0	0	0	0	0	0	0	0	0	0	0	0	0	0
2025-03-13 23:54:05.615	WTyyyy(CC4B99849B02)	0.166	0	0	0	0	0	0	0	0	0	0	0	0	0	0	0	0	0	0
2025-03-13 23:54:05.635	WTyyyy(CC4B99849B02)	0.091	0	0	0	0	0	0	0	0	0	0	0	0	0	0	0	0	0	0
2025-03-13 23:54:05.655	WTyyyy(CC4B99849B02)	-0.064	0	0	0	0	0	0	0	0	0	0	0	0	0	0	0	0	0	0
2025-03-13 23:54:05.675	WTyyyy(CC4B99849B02)	-0.14	0	0	0	0	0	0	0	0	0	0	0	0	0	0	0	0	0	0
2025-03-13 23:54:05.695	WTyyyy(CC4B99849B02)	-0.168	0	0	0	0	0	0	0	0	0	0	0	0	0	0	0	0	0	0
2025-03-13 23:54:05.715	WTyyyy(CC4B99849B02)	-0.369	0	0	0	0	0	0	0	0	0	0	0	0	0	0	0	0	0	0
2025-03-13 23:54:05.735	WTyyyy(CC4B99849B02)	-0.346	0	0	0	0	0	0	0	0	0	0	0	0	0	0	0	0	0	0
2025-03-13 23:54:05.755	WTyyyy(CC4B99849B02)	-0.394	0	0	0	0	0	0	0	0	0	0	0	0	0	0	0	0	0	0
2025-03-13 23:54:05.775	WTyyyy(CC4B99849B02)	-0.431	0	0	0	0	0	0	0	0	0	0	0	0	0	0	0	0	0	0
2025-03-13 23:54:05.795	WTyyyy(CC4B99849B02)	-0.421	0	0	0	0	0	0	0	0	0	0	0	0	0	0	0	0	0	0
2025-03-13 23:54:05.815	WTyyyy(CC4B99849B02)	-0.428	0	0	0	0	0	0	0	0	0	0	0	0	0	0	0	0	0	0
2025-03-13 23:54:05.835	WTyyyy(CC4B99849B02)	-0.485	0	0	0	0	0	0	0	0	0	0	0	0	0	0	0	0	0	0
2025-03-13 23:54:05.855	WTyyyy(CC4B99849B02)	-0.536	0	0	0	0	0	0	0	0	0	0	0	0	0	0	0	0	0	0
2025-03-13 23:54:05.875	WTyyyy(CC4B99849B02)	-0.551	0	0	0	0	0	0	0	0	0	0	0	0	0	0	0	0	0	0
2025-03-13 23:54:05.895	WTyyyy(CC4B99849B02)	-0.512	0	0	0	0	0	0	0	0	0	0	0	0	0	0	0	0	0	0
2025-03-13 23:54:05.915	WTyyyy(CC4B99849B02)	-0.416	0	0	0	0	0	0	0	0	0	0	0	0	0	0	0	0	0	0
2025-03-13 23:54:05.935	WTyyyy(CC4B99849B02)	-0.355	0	0	0	0	0	0	0	0	0	0	0	0	0	0	0	0	0	0
2025-03-13 23:54:05.955	WTyyyy(CC4B99849B02)	-0.319	0	0	0	0	0	0	0	0	0	0	0	0	0	0	0	0	0	0
2025-03-13 23:54:05.975	WTyyyy(CC4B99849B02)	-0.231	0	0	0	0	0	0	0	0	0	0	0	0	0	0	0	0	0	0
2025-03-13 23:54:05.995	WTyyyy(CC4B99849B02)	-0.156	0	0	0	0	0	0	0	0	0	0	0	0	0	0	0	0	0	0
2025-03-13 23:54:06.015	WTyyyy(CC4B99849B02)	-0.158	0	0	0	0	0	0	0	0	0	0	0	0	0	0	0	0	0	0
2025-03-13 23:54:06.035	WTyyyy(CC4B99849B02)	-0.212	0	0	0	0	0	0	0	0	0	0	0	0	0	0	0	0	0	0
2025-03-13 23:54:06.055	WTyyyy(CC4B99849B02)	-0.081	0	0	0	0	0	0	0	0	0	0	0	0	0	0	0	0	0	0
2025-03-13 23:54:06.075	WTyyyy(CC4B99849B02)	-0.061	0	0	0	0	0	0	0	0	0	0	0	0	0	0	0	0	0	0
2025-03-13 23:54:06.095	WTyyyy(CC4B99849B02)	0.07	0	0	0	0	0	0	0	0	0	0	0	0	0	0	0	0	0	0
2025-03-13 23:54:06.115	WTyyyy(CC4B99849B02)	-0.018	0	0	0	0	0	0	0	0	0	0	0	0	0	0	0	0	0	0
2025-03-13 23:54:06.135	WTyyyy(CC4B99849B02)	0.122	0	0	0	0	0	0	0	0	0	0	0	0	0	0	0	0	0	0
2025-03-13 23:54:06.155	WTyyyy(CC4B99849B02)	0.028	0	0	0	0	0	0	0	0	0	0	0	0	0	0	0	0	0	0
2025-03-13 23:54:06.175	WTyyyy(CC4B99849B02)	-0.019	0	0	0	0	0	0	0	0	0	0	0	0	0	0	0	0	0	0
2025-03-13 23:54:06.195	WTyyyy(CC4B99849B02)	0.005	0	0	0	0	0	0	0	0	0	0	0	0	0	0	0	0	0	0
2025-03-13 23:54:06.215	WTyyyy(CC4B99849B02)	-0.056	0	0	0	0	0	0	0	0	0	0	0	0	0	0	0	0	0	0
2025-03-13 23:54:06.235	WTyyyy(CC4B99849B02)	0.015	0	0	0	0	0	0	0	0	0	0	0	0	0	0	0	0	0	0
2025-03-13 23:54:06.255	WTyyyy(CC4B99849B02)	-0.043	0	0	0	0	0	0	0	0	0	0	0	0	0	0	0	0	0	0
2025-03-13 23:54:06.275	WTyyyy(CC4B99849B02)	-0.025	0	0	0	0	0	0	0	0	0	0	0	0	0	0	0	0	0	0
2025-03-13 23:54:06.295	WTyyyy(CC4B99849B02)	-0.068	0	0	0	0	0	0	0	0	0	0	0	0	0	0	0	0	0	0
2025-03-13 23:54:06.315	WTyyyy(CC4B99849B02)	-0.109	0	0	0	0	0	0	0	0	0	0	0	0	0	0	0	0	0	0
2025-03-13 23:54:06.335	WTyyyy(CC4B99849B02)	-0.157	0	0	0	0	0	0	0	0	0	0	0	0	0	0	0	0	0	0
2025-03-13 23:54:06.355	WTyyyy(CC4B99849B02)	-0.17	0	0	0	0	0	0	0	0	0	0	0	0	0	0	0	0	0	0
2025-03-13 23:54:06.375	WTyyyy(CC4B99849B02)	-0.188	0	0	0	0	0	0	0	0	0	0	0	0	0	0	0	0	0	0
2025-03-13 23:54:06.395	WTyyyy(CC4B99849B02)	-0.26	0	0	0	0	0	0	0	0	0	0	0	0	0	0	0	0	0	0
2025-03-13 23:54:06.415	WTyyyy(CC4B99849B02)	-0.239	0	0	0	0	0	0	0	0	0	0	0	0	0	0	0	0	0	0
2025-03-13 23:54:06.435	WTyyyy(CC4B99849B02)	-0.258	0	0	0	0	0	0	0	0	0	0	0	0	0	0	0	0	0	0
2025-03-13 23:54:06.455	WTyyyy(CC4B99849B02)	-0.291	0	0	0	0	0	0	0	0	0	0	0	0	0	0	0	0	0	0
2025-03-13 23:54:06.475	WTyyyy(CC4B99849B02)	-0.183	0	0	0	0	0	0	0	0	0	0	0	0	0	0	0	0	0	0
2025-03-13 23:54:06.495	WTyyyy(CC4B99849B02)	-0.152	0	0	0	0	0	0	0	0	0	0	0	0	0	0	0	0	0	0
2025-03-13 23:54:06.515	WTyyyy(CC4B99849B02)	-0.107	0	0	0	0	0	0	0	0	0	0	0	0	0	0	0	0	0	0
2025-03-13 23:54:06.535	WTyyyy(CC4B99849B02)	0.009	0	0	0	0	0	0	0	0	0	0	0	0	0	0	0	0	0	0
2025-03-13 23:54:06.555	WTyyyy(CC4B99849B02)	0.006	0	0	0	0	0	0	0	0	0	0	0	0	0	0	0	0	0	0
2025-03-13 23:54:06.575	WTyyyy(CC4B99849B02)	0.109	0	0	0	0	0	0	0	0	0	0	0	0	0	0	0	0	0	0
2025-03-13 23:54:06.595	WTyyyy(CC4B99849B02)	0.151	0	0	0	0	0	0	0	0	0	0	0	0	0	0	0	0	0	0
2025-03-13 23:54:06.615	WTyyyy(CC4B99849B02)	0.28	0	0	0	0	0	0	0	0	0	0	0	0	0	0	0	0	0	0
2025-03-13 23:54:06.635	WTyyyy(CC4B99849B02)	0.263	0	0	0	0	0	0	0	0	0	0	0	0	0	0	0	0	0	0
2025-03-13 23:54:06.655	WTyyyy(CC4B99849B02)	0.349	0	0	0	0	0	0	0	0	0	0	0	0	0	0	0	0	0	0
2025-03-13 23:54:06.675	WTyyyy(CC4B99849B02)	0.436	0	0	0	0	0	0	0	0	0	0	0	0	0	0	0	0	0	0
2025-03-13 23:54:06.695	WTyyyy(CC4B99849B02)	0.504	0	0	0	0	0	0	0	0	0	0	0	0	0	0	0	0	0	0
2025-03-13 23:54:06.715	WTyyyy(CC4B99849B02)	0.584	0	0	0	0	0	0	0	0	0	0	0	0	0	0	0	0	0	0
2025-03-13 23:54:06.735	WTyyyy(CC4B99849B02)	0.618	0	0	0	0	0	0	0	0	0	0	0	0	0	0	0	0	0	0
2025-03-13 23:54:06.755	WTyyyy(CC4B99849B02)	0.639	0	0	0	0	0	0	0	0	0	0	0	0	0	0	0	0	0	0
2025-03-13 23:54:06.775	WTyyyy(CC4B99849B02)	0.69	0	0	0	0	0	0	0	0	0	0	0	0	0	0	0	0	0	0
2025-03-13 23:54:06.795	WTyyyy(CC4B99849B02)	0.782	0	0	0	0	0	0	0	0	0	0	0	0	0	0	0	0	0	0
2025-03-13 23:54:06.815	WTyyyy(CC4B99849B02)	0.753	0	0	0	0	0	0	0	0	0	0	0	0	0	0	0	0	0	0
2025-03-13 23:54:06.835	WTyyyy(CC4B99849B02)	0.638	0	0	0	0	0	0	0	0	0	0	0	0	0	0	0	0	0	0
2025-03-13 23:54:06.855	WTyyyy(CC4B99849B02)	0.635	0	0	0	0	0	0	0	0	0	0	0	0	0	0	0	0	0	0
2025-03-13 23:54:06.875	WTyyyy(CC4B99849B02)	0.606	0	0	0	0	0	0	0	0	0	0	0	0	0	0	0	0	0	0
2025-03-13 23:54:06.895	WTyyyy(CC4B99849B02)	0.59	0	0	0	0	0	0	0	0	0	0	0	0	0	0	0	0	0	0
2025-03-13 23:54:06.915	WTyyyy(CC4B99849B02)	0.612	0	0	0	0	0	0	0	0	0	0	0	0	0	0	0	0	0	0
2025-03-13 23:54:06.935	WTyyyy(CC4B99849B02)	0.377	0	0	0	0	0	0	0	0	0	0	0	0	0	0	0	0	0	0
2025-03-13 23:54:06.955	WTyyyy(CC4B99849B02)	0.275	0	0	0	0	0	0	0	0	0	0	0	0	0	0	0	0	0	0
2025-03-13 23:54:06.975	WTyyyy(CC4B99849B02)	0.301	0	0	0	0	0	0	0	0	0	0	0	0	0	0	0	0	0	0
2025-03-13 23:54:06.995	WTyyyy(CC4B99849B02)	0.074	0	0	0	0	0	0	0	0	0	0	0	0	0	0	0	0	0	0
2025-03-13 23:54:07.015	WTyyyy(CC4B99849B02)	-0.092	0	0	0	0	0	0	0	0	0	0	0	0	0	0	0	0	0	0
2025-03-13 23:54:07.035	WTyyyy(CC4B99849B02)	-0.206	0	0	0	0	0	0	0	0	0	0	0	0	0	0	0	0	0	0
2025-03-13 23:54:07.055	WTyyyy(CC4B99849B02)	-0.314	0	0	0	0	0	0	0	0	0	0	0	0	0	0	0	0	0	0
2025-03-13 23:54:07.075	WTyyyy(CC4B99849B02)	-0.487	0	0	0	0	0	0	0	0	0	0	0	0	0	0	0	0	0	0
2025-03-13 23:54:07.095	WTyyyy(CC4B99849B02)	-0.559	0	0	0	0	0	0	0	0	0	0	0	0	0	0	0	0	0	0
2025-03-13 23:54:07.115	WTyyyy(CC4B99849B02)	-0.676	0	0	0	0	0	0	0	0	0	0	0	0	0	0	0	0	0	0
2025-03-13 23:54:07.135	WTyyyy(CC4B99849B02)	-0.813	0	0	0	0	0	0	0	0	0	0	0	0	0	0	0	0	0	0
2025-03-13 23:54:07.155	WTyyyy(CC4B99849B02)	-0.934	0	0	0	0	0	0	0	0	0	0	0	0	0	0	0	0	0	0
2025-03-13 23:54:07.175	WTyyyy(CC4B99849B02)	-1.113	0	0	0	0	0	0	0	0	0	0	0	0	0	0	0	0	0	0
2025-03-13 23:54:07.195	WTyyyy(CC4B99849B02)	-1.018	0	0	0	0	0	0	0	0	0	0	0	0	0	0	0	0	0	0
2025-03-13 23:54:07.215	WTyyyy(CC4B99849B02)	-1.092	0	0	0	0	0	0	0	0	0	0	0	0	0	0	0	0	0	0
2025-03-13 23:54:07.235	WTyyyy(CC4B99849B02)	-1.086	0	0	0	0	0	0	0	0	0	0	0	0	0	0	0	0	0	0
2025-03-13 23:54:07.255	WTyyyy(CC4B99849B02)	-1.211	0	0	0	0	0	0	0	0	0	0	0	0	0	0	0	0	0	0
2025-03-13 23:54:07.275	WTyyyy(CC4B99849B02)	-1.222	0	0	0	0	0	0	0	0	0	0	0	0	0	0	0	0	0	0
2025-03-13 23:54:07.295	WTyyyy(CC4B99849B02)	-1.144	0	0	0	0	0	0	0	0	0	0	0	0	0	0	0	0	0	0
2025-03-13 23:54:07.315	WTyyyy(CC4B99849B02)	-1.024	0	0	0	0	0	0	0	0	0	0	0	0	0	0	0	0	0	0
2025-03-13 23:54:07.335	WTyyyy(CC4B99849B02)	-0.937	0	0	0	0	0	0	0	0	0	0	0	0	0	0	0	0	0	0
2025-03-13 23:54:07.355	WTyyyy(CC4B99849B02)	-0.879	0	0	0	0	0	0	0	0	0	0	0	0	0	0	0	0	0	0
2025-03-13 23:54:07.375	WTyyyy(CC4B99849B02)	-0.689	0	0	0	0	0	0	0	0	0	0	0	0	0	0	0	0	0	0
2025-03-13 23:54:07.395	WTyyyy(CC4B99849B02)	-0.688	0	0	0	0	0	0	0	0	0	0	0	0	0	0	0	0	0	0
2025-03-13 23:54:07.415	WTyyyy(CC4B99849B02)	-0.514	0	0	0	0	0	0	0	0	0	0	0	0	0	0	0	0	0	0
2025-03-13 23:54:07.435	WTyyyy(CC4B99849B02)	-0.245	0	0	0	0	0	0	0	0	0	0	0	0	0	0	0	0	0	0
2025-03-13 23:54:07.455	WTyyyy(CC4B99849B02)	-0.149	0	0	0	0	0	0	0	0	0	0	0	0	0	0	0	0	0	0
2025-03-13 23:54:07.475	WTyyyy(CC4B99849B02)	0.077	0	0	0	0	0	0	0	0	0	0	0	0	0	0	0	0	0	0
2025-03-13 23:54:07.495	WTyyyy(CC4B99849B02)	0.196	0	0	0	0	0	0	0	0	0	0	0	0	0	0	0	0	0	0
2025-03-13 23:54:07.515	WTyyyy(CC4B99849B02)	0.605	0	0	0	0	0	0	0	0	0	0	0	0	0	0	0	0	0	0
2025-03-13 23:54:07.535	WTyyyy(CC4B99849B02)	0.761	0	0	0	0	0	0	0	0	0	0	0	0	0	0	0	0	0	0
2025-03-13 23:54:07.555	WTyyyy(CC4B99849B02)	0.859	0	0	0	0	0	0	0	0	0	0	0	0	0	0	0	0	0	0
2025-03-13 23:54:07.575	WTyyyy(CC4B99849B02)	1.092	0	0	0	0	0	0	0	0	0	0	0	0	0	0	0	0	0	0
2025-03-13 23:54:07.595	WTyyyy(CC4B99849B02)	1.192	0	0	0	0	0	0	0	0	0	0	0	0	0	0	0	0	0	0
2025-03-13 23:54:07.615	WTyyyy(CC4B99849B02)	1.28	0	0	0	0	0	0	0	0	0	0	0	0	0	0	0	0	0	0
2025-03-13 23:54:07.635	WTyyyy(CC4B99849B02)	1.433	0	0	0	0	0	0	0	0	0	0	0	0	0	0	0	0	0	0
2025-03-13 23:54:07.655	WTyyyy(CC4B99849B02)	1.475	0	0	0	0	0	0	0	0	0	0	0	0	0	0	0	0	0	0
2025-03-13 23:54:07.675	WTyyyy(CC4B99849B02)	1.605	0	0	0	0	0	0	0	0	0	0	0	0	0	0	0	0	0	0
2025-03-13 23:54:07.695	WTyyyy(CC4B99849B02)	1.735	0	0	0	0	0	0	0	0	0	0	0	0	0	0	0	0	0	0
2025-03-13 23:54:07.715	WTyyyy(CC4B99849B02)	1.543	0	0	0	0	0	0	0	0	0	0	0	0	0	0	0	0	0	0
2025-03-13 23:54:07.735	WTyyyy(CC4B99849B02)	1.53	0	0	0	0	0	0	0	0	0	0	0	0	0	0	0	0	0	0
2025-03-13 23:54:07.755	WTyyyy(CC4B99849B02)	1.552	0	0	0	0	0	0	0	0	0	0	0	0	0	0	0	0	0	0
2025-03-13 23:54:07.775	WTyyyy(CC4B99849B02)	1.309	0	0	0	0	0	0	0	0	0	0	0	0	0	0	0	0	0	0
2025-03-13 23:54:07.795	WTyyyy(CC4B99849B02)	1.192	0	0	0	0	0	0	0	0	0	0	0	0	0	0	0	0	0	0
2025-03-13 23:54:07.815	WTyyyy(CC4B99849B02)	1.129	0	0	0	0	0	0	0	0	0	0	0	0	0	0	0	0	0	0
2025-03-13 23:54:07.835	WTyyyy(CC4B99849B02)	0.887	0	0	0	0	0	0	0	0	0	0	0	0	0	0	0	0	0	0
2025-03-13 23:54:07.855	WTyyyy(CC4B99849B02)	0.766	0	0	0	0	0	0	0	0	0	0	0	0	0	0	0	0	0	0
2025-03-13 23:54:07.875	WTyyyy(CC4B99849B02)	0.563	0	0	0	0	0	0	0	0	0	0	0	0	0	0	0	0	0	0
2025-03-13 23:54:07.895	WTyyyy(CC4B99849B02)	0.222	0	0	0	0	0	0	0	0	0	0	0	0	0	0	0	0	0	0
2025-03-13 23:54:07.915	WTyyyy(CC4B99849B02)	0.018	0	0	0	0	0	0	0	0	0	0	0	0	0	0	0	0	0	0
2025-03-13 23:54:07.935	WTyyyy(CC4B99849B02)	-0.152	0	0	0	0	0	0	0	0	0	0	0	0	0	0	0	0	0	0
2025-03-13 23:54:07.955	WTyyyy(CC4B99849B02)	-0.516	0	0	0	0	0	0	0	0	0	0	0	0	0	0	0	0	0	0
2025-03-13 23:54:07.975	WTyyyy(CC4B99849B02)	-0.672	0	0	0	0	0	0	0	0	0	0	0	0	0	0	0	0	0	0
2025-03-13 23:54:07.995	WTyyyy(CC4B99849B02)	-1.004	0	0	0	0	0	0	0	0	0	0	0	0	0	0	0	0	0	0
2025-03-13 23:54:08.015	WTyyyy(CC4B99849B02)	-1.138	0	0	0	0	0	0	0	0	0	0	0	0	0	0	0	0	0	0
2025-03-13 23:54:08.035	WTyyyy(CC4B99849B02)	-1.309	0	0	0	0	0	0	0	0	0	0	0	0	0	0	0	0	0	0
2025-03-13 23:54:08.055	WTyyyy(CC4B99849B02)	-1.503	0	0	0	0	0	0	0	0	0	0	0	0	0	0	0	0	0	0
2025-03-13 23:54:08.075	WTyyyy(CC4B99849B02)	-1.62	0	0	0	0	0	0	0	0	0	0	0	0	0	0	0	0	0	0
2025-03-13 23:54:08.095	WTyyyy(CC4B99849B02)	-1.845	0	0	0	0	0	0	0	0	0	0	0	0	0	0	0	0	0	0
2025-03-13 23:54:08.115	WTyyyy(CC4B99849B02)	-1.826	0	0	0	0	0	0	0	0	0	0	0	0	0	0	0	0	0	0
2025-03-13 23:54:08.135	WTyyyy(CC4B99849B02)	-1.869	0	0	0	0	0	0	0	0	0	0	0	0	0	0	0	0	0	0
2025-03-13 23:54:08.155	WTyyyy(CC4B99849B02)	-1.903	0	0	0	0	0	0	0	0	0	0	0	0	0	0	0	0	0	0
2025-03-13 23:54:08.175	WTyyyy(CC4B99849B02)	-1.844	0	0	0	0	0	0	0	0	0	0	0	0	0	0	0	0	0	0
2025-03-13 23:54:08.195	WTyyyy(CC4B99849B02)	-1.762	0	0	0	0	0	0	0	0	0	0	0	0	0	0	0	0	0	0
2025-03-13 23:54:08.215	WTyyyy(CC4B99849B02)	-1.662	0	0	0	0	0	0	0	0	0	0	0	0	0	0	0	0	0	0
2025-03-13 23:54:08.235	WTyyyy(CC4B99849B02)	-1.644	0	0	0	0	0	0	0	0	0	0	0	0	0	0	0	0	0	0
2025-03-13 23:54:08.255	WTyyyy(CC4B99849B02)	-1.353	0	0	0	0	0	0	0	0	0	0	0	0	0	0	0	0	0	0
2025-03-13 23:54:08.275	WTyyyy(CC4B99849B02)	-1.109	0	0	0	0	0	0	0	0	0	0	0	0	0	0	0	0	0	0
2025-03-13 23:54:08.295	WTyyyy(CC4B99849B02)	-1.019	0	0	0	0	0	0	0	0	0	0	0	0	0	0	0	0	0	0
2025-03-13 23:54:08.315	WTyyyy(CC4B99849B02)	-0.696	0	0	0	0	0	0	0	0	0	0	0	0	0	0	0	0	0	0
2025-03-13 23:54:08.335	WTyyyy(CC4B99849B02)	-0.488	0	0	0	0	0	0	0	0	0	0	0	0	0	0	0	0	0	0
2025-03-13 23:54:08.355	WTyyyy(CC4B99849B02)	-0.23	0	0	0	0	0	0	0	0	0	0	0	0	0	0	0	0	0	0
2025-03-13 23:54:08.375	WTyyyy(CC4B99849B02)	0.087	0	0	0	0	0	0	0	0	0	0	0	0	0	0	0	0	0	0
2025-03-13 23:54:08.395	WTyyyy(CC4B99849B02)	0.377	0	0	0	0	0	0	0	0	0	0	0	0	0	0	0	0	0	0
2025-03-13 23:54:08.415	WTyyyy(CC4B99849B02)	0.53	0	0	0	0	0	0	0	0	0	0	0	0	0	0	0	0	0	0
2025-03-13 23:54:08.435	WTyyyy(CC4B99849B02)	0.835	0	0	0	0	0	0	0	0	0	0	0	0	0	0	0	0	0	0
2025-03-13 23:54:08.455	WTyyyy(CC4B99849B02)	1.048	0	0	0	0	0	0	0	0	0	0	0	0	0	0	0	0	0	0
2025-03-13 23:54:08.475	WTyyyy(CC4B99849B02)	1.338	0	0	0	0	0	0	0	0	0	0	0	0	0	0	0	0	0	0
2025-03-13 23:54:08.495	WTyyyy(CC4B99849B02)	1.531	0	0	0	0	0	0	0	0	0	0	0	0	0	0	0	0	0	0
2025-03-13 23:54:08.515	WTyyyy(CC4B99849B02)	1.634	0	0	0	0	0	0	0	0	0	0	0	0	0	0	0	0	0	0
2025-03-13 23:54:08.535	WTyyyy(CC4B99849B02)	1.822	0	0	0	0	0	0	0	0	0	0	0	0	0	0	0	0	0	0
2025-03-13 23:54:08.555	WTyyyy(CC4B99849B02)	1.952	0	0	0	0	0	0	0	0	0	0	0	0	0	0	0	0	0	0
2025-03-13 23:54:08.575	WTyyyy(CC4B99849B02)	1.992	0	0	0	0	0	0	0	0	0	0	0	0	0	0	0	0	0	0
2025-03-13 23:54:08.595	WTyyyy(CC4B99849B02)	1.971	0	0	0	0	0	0	0	0	0	0	0	0	0	0	0	0	0	0
2025-03-13 23:54:08.615	WTyyyy(CC4B99849B02)	2.077	0	0	0	0	0	0	0	0	0	0	0	0	0	0	0	0	0	0
2025-03-13 23:54:08.635	WTyyyy(CC4B99849B02)	1.982	0	0	0	0	0	0	0	0	0	0	0	0	0	0	0	0	0	0
2025-03-13 23:54:08.655	WTyyyy(CC4B99849B02)	1.876	0	0	0	0	0	0	0	0	0	0	0	0	0	0	0	0	0	0
2025-03-13 23:54:08.675	WTyyyy(CC4B99849B02)	1.814	0	0	0	0	0	0	0	0	0	0	0	0	0	0	0	0	0	0
2025-03-13 23:54:08.695	WTyyyy(CC4B99849B02)	1.576	0	0	0	0	0	0	0	0	0	0	0	0	0	0	0	0	0	0
2025-03-13 23:54:08.715	WTyyyy(CC4B99849B02)	1.356	0	0	0	0	0	0	0	0	0	0	0	0	0	0	0	0	0	0
2025-03-13 23:54:08.735	WTyyyy(CC4B99849B02)	1.189	0	0	0	0	0	0	0	0	0	0	0	0	0	0	0	0	0	0
2025-03-13 23:54:08.755	WTyyyy(CC4B99849B02)	0.941	0	0	0	0	0	0	0	0	0	0	0	0	0	0	0	0	0	0
2025-03-13 23:54:08.775	WTyyyy(CC4B99849B02)	0.682	0	0	0	0	0	0	0	0	0	0	0	0	0	0	0	0	0	0
2025-03-13 23:54:08.795	WTyyyy(CC4B99849B02)	0.372	0	0	0	0	0	0	0	0	0	0	0	0	0	0	0	0	0	0
2025-03-13 23:54:08.815	WTyyyy(CC4B99849B02)	0.098	0	0	0	0	0	0	0	0	0	0	0	0	0	0	0	0	0	0
2025-03-13 23:54:08.835	WTyyyy(CC4B99849B02)	-0.123	0	0	0	0	0	0	0	0	0	0	0	0	0	0	0	0	0	0
2025-03-13 23:54:08.855	WTyyyy(CC4B99849B02)	-0.316	0	0	0	0	0	0	0	0	0	0	0	0	0	0	0	0	0	0
2025-03-13 23:54:08.875	WTyyyy(CC4B99849B02)	-0.596	0	0	0	0	0	0	0	0	0	0	0	0	0	0	0	0	0	0
2025-03-13 23:54:08.895	WTyyyy(CC4B99849B02)	-1.025	0	0	0	0	0	0	0	0	0	0	0	0	0	0	0	0	0	0
2025-03-13 23:54:08.915	WTyyyy(CC4B99849B02)	-1.178	0	0	0	0	0	0	0	0	0	0	0	0	0	0	0	0	0	0
2025-03-13 23:54:08.935	WTyyyy(CC4B99849B02)	-1.311	0	0	0	0	0	0	0	0	0	0	0	0	0	0	0	0	0	0
2025-03-13 23:54:08.955	WTyyyy(CC4B99849B02)	-1.59	0	0	0	0	0	0	0	0	0	0	0	0	0	0	0	0	0	0
2025-03-13 23:54:08.975	WTyyyy(CC4B99849B02)	-1.774	0	0	0	0	0	0	0	0	0	0	0	0	0	0	0	0	0	0
2025-03-13 23:54:08.995	WTyyyy(CC4B99849B02)	-1.814	0	0	0	0	0	0	0	0	0	0	0	0	0	0	0	0	0	0
2025-03-13 23:54:09.015	WTyyyy(CC4B99849B02)	-1.959	0	0	0	0	0	0	0	0	0	0	0	0	0	0	0	0	0	0
2025-03-13 23:54:09.035	WTyyyy(CC4B99849B02)	-1.906	0	0	0	0	0	0	0	0	0	0	0	0	0	0	0	0	0	0
2025-03-13 23:54:09.055	WTyyyy(CC4B99849B02)	-1.907	0	0	0	0	0	0	0	0	0	0	0	0	0	0	0	0	0	0
2025-03-13 23:54:09.075	WTyyyy(CC4B99849B02)	-1.901	0	0	0	0	0	0	0	0	0	0	0	0	0	0	0	0	0	0
2025-03-13 23:54:09.095	WTyyyy(CC4B99849B02)	-1.885	0	0	0	0	0	0	0	0	0	0	0	0	0	0	0	0	0	0
2025-03-13 23:54:09.115	WTyyyy(CC4B99849B02)	-1.725	0	0	0	0	0	0	0	0	0	0	0	0	0	0	0	0	0	0
2025-03-13 23:54:09.135	WTyyyy(CC4B99849B02)	-1.672	0	0	0	0	0	0	0	0	0	0	0	0	0	0	0	0	0	0
2025-03-13 23:54:09.155	WTyyyy(CC4B99849B02)	-1.472	0	0	0	0	0	0	0	0	0	0	0	0	0	0	0	0	0	0
2025-03-13 23:54:09.175	WTyyyy(CC4B99849B02)	-1.253	0	0	0	0	0	0	0	0	0	0	0	0	0	0	0	0	0	0
2025-03-13 23:54:09.195	WTyyyy(CC4B99849B02)	-0.971	0	0	0	0	0	0	0	0	0	0	0	0	0	0	0	0	0	0
2025-03-13 23:54:09.215	WTyyyy(CC4B99849B02)	-0.724	0	0	0	0	0	0	0	0	0	0	0	0	0	0	0	0	0	0
2025-03-13 23:54:09.235	WTyyyy(CC4B99849B02)	-0.473	0	0	0	0	0	0	0	0	0	0	0	0	0	0	0	0	0	0
2025-03-13 23:54:09.255	WTyyyy(CC4B99849B02)	-0.251	0	0	0	0	0	0	0	0	0	0	0	0	0	0	0	0	0	0
2025-03-13 23:54:09.275	WTyyyy(CC4B99849B02)	-0.079	0	0	0	0	0	0	0	0	0	0	0	0	0	0	0	0	0	0
2025-03-13 23:54:09.295	WTyyyy(CC4B99849B02)	0.244	0	0	0	0	0	0	0	0	0	0	0	0	0	0	0	0	0	0
2025-03-13 23:54:09.315	WTyyyy(CC4B99849B02)	0.375	0	0	0	0	0	0	0	0	0	0	0	0	0	0	0	0	0	0
2025-03-13 23:54:09.335	WTyyyy(CC4B99849B02)	0.707	0	0	0	0	0	0	0	0	0	0	0	0	0	0	0	0	0	0
